59429,0,-1,0,-1,0.000000,26.999998,30,400
59429,-30,2,-30,1,29.999998,26.999998,30,400
59429,-46,9,-76,10,29.265002,26.999998,30,400
59429,-62,29,-138,39,29.265002,26.999998,30,400
59429,-67,49,-205,88,28.117498,26.999998,30,400
59429,-73,62,-278,150,27.870001,26.999998,30,400
59429,-74,56,-352,206,27.465002,26.999998,30,400
59429,-72,49,-424,255,27.465002,26.999998,30,400
59429,-66,56,-490,311,26.722500,26.999998,30,400
59429,-66,65,-556,376,26.699999,26.999998,30,400
59429,-61,54,-617,430,26.542499,26.999998,30,400
59429,-65,55,-682,485,26.542499,26.999998,30,400
59429,-68,58,-750,543,26.145001,26.999998,30,400
59429,-65,56,-815,599,26.009999,26.999998,30,400
59429,-61,52,-876,651,25.875000,26.999998,30,400
59429,-66,53,-942,704,25.680000,26.999998,30,400
59429,-60,53,-1002,757,25.575001,26.999998,30,400
59429,-63,49,-1065,806,25.365001,26.999998,30,400
59429,-67,51,-1132,857,25.125000,26.999998,30,400
59429,-68,56,-1200,913,24.944999,26.999998,30,400
59429,-63,54,-1263,967,24.810001,26.999998,30,400
59429,-57,52,-1320,1019,24.735000,26.999998,30,400
59429,-52,50,-1372,1069,24.705001,26.999998,30,400
59429,-50,50,-1422,1119,24.705001,26.999998,30,400
59429,-55,52,-1477,1171,24.705001,26.999998,30,400
59429,-47,53,-1524,1224,24.750000,26.999998,30,400
59429,-47,53,-1571,1277,24.840002,26.999998,30,400
59429,-49,52,-1620,1329,24.884998,26.999998,30,400
59429,-51,52,-1671,1381,24.884998,26.999998,30,400
59429,-53,50,-1724,1431,24.854999,26.999998,30,400
59429,-47,50,-1771,1481,24.900001,26.999998,30,400
59429,-53,52,-1824,1533,24.884998,26.999998,30,400
59429,-53,52,-1877,1585,24.884998,26.999998,30,400
59429,-57,56,-1934,1641,24.854999,26.999998,30,400
59429,-56,52,-1990,1693,24.795001,26.999998,30,400
59429,-53,53,-2043,1746,24.795001,26.999998,30,400
59429,-50,53,-2093,1799,24.795001,26.999998,30,400
59429,-51,53,-2144,1852,24.869999,26.999998,30,400
59429,-55,51,-2199,1903,24.810001,26.999998,30,400
59429,-54,51,-2253,1954,24.765002,26.999998,30,400
59429,-55,47,-2308,2001,24.765002,26.999998,30,400
59429,-49,48,-2357,2049,24.630000,26.999998,30,400
59429,-52,50,-2409,2099,24.599998,26.999998,30,400
59429,-57,52,-2466,2151,24.525000,26.999998,30,400
59429,-55,52,-2521,2203,24.525000,26.999998,30,400
59429,-59,54,-2580,2257,24.404998,26.999998,30,400
59429,-56,54,-2636,2311,24.374999,26.999998,30,400
59429,-60,59,-2696,2370,24.360000,26.999998,30,400
59429,-56,53,-2752,2423,24.360000,26.999998,30,400
59429,-57,48,-2809,2471,24.179999,26.999998,30,400
59429,-52,52,-2861,2523,24.179999,26.999998,30,400
59429,-49,50,-2910,2573,24.195002,26.999998,30,400
59429,-53,60,-2963,2633,24.195002,26.999998,30,400
59429,-56,58,-3019,2691,24.329998,26.999998,30,400
59429,-55,55,-3074,2746,24.329998,26.999998,30,400
59429,-55,52,-3129,2798,24.284999,26.999998,30,400
59429,-55,50,-3184,2848,24.284999,26.999998,30,400
59429,-55,59,-3239,2907,24.269999,26.999998,30,400
59429,-55,56,-3294,2963,24.284999,26.999998,30,400
59429,-49,42,-3343,3005,24.179999,26.999998,30,400
59429,-46,45,-3389,3050,24.165000,26.999998,30,400
59429,-51,54,-3440,3104,24.209998,26.999998,30,400
59429,-53,61,-3493,3165,24.329998,26.999998,30,400
59429,-53,50,-3546,3215,24.284999,26.999998,30,400
59429,-50,54,-3596,3269,24.345000,26.999998,30,400
59429,-48,49,-3644,3318,24.345000,26.999998,30,400
59429,-54,51,-3698,3369,24.315001,26.999998,30,400
59429,-48,49,-3746,3418,24.329998,26.999998,30,400
59429,-44,47,-3790,3465,24.374999,26.999998,30,400
59429,-51,50,-3841,3515,24.374999,26.999998,30,400
59429,-51,48,-3892,3563,24.315001,26.999998,30,400
59429,-53,46,-3945,3609,24.209998,26.999998,30,400
59429,-52,51,-3997,3660,24.195002,26.999998,30,400
59429,-51,52,-4048,3712,24.195002,26.999998,30,400
59429,-50,49,-4098,3761,24.195002,26.999998,30,400
59429,-48,48,-4146,3809,24.195002,26.999998,30,400
59429,-47,48,-4193,3857,24.209998,26.999998,30,400
59429,-51,47,-4244,3904,24.209998,26.999998,30,400
59429,-44,49,-4288,3953,24.225001,26.999998,30,400
59429,-44,50,-4332,4003,24.315001,26.999998,30,400
59429,-49,50,-4381,4053,24.329998,26.999998,30,400
59429,-45,48,-4426,4101,24.329998,26.999998,30,400
59429,-52,50,-4478,4151,24.345000,26.999998,30,400
59429,-47,50,-4525,4201,24.390002,26.999998,30,400
59429,-51,55,-4576,4256,24.450000,26.999998,30,400
59429,-55,55,-4631,4311,24.450000,26.999998,30,400
59429,-57,59,-4688,4370,24.479999,26.999998,30,400
59429,-58,57,-4746,4427,24.465002,26.999998,30,400
59429,-55,58,-4801,4485,24.509998,26.999998,30,400
59429,-54,56,-4855,4541,24.509998,26.999998,30,400
59429,-52,52,-4907,4593,24.540000,26.999998,30,400
59429,-59,56,-4966,4649,24.495001,26.999998,30,400
59429,-56,55,-5022,4704,24.479999,26.999998,30,400
59429,-55,50,-5077,4754,24.479999,26.999998,30,400
59429,-50,50,-5127,4804,24.404998,26.999998,30,400
59429,-50,52,-5177,4856,24.435000,26.999998,30,400
59429,-59,55,-5236,4911,24.374999,26.999998,30,400
59429,-52,51,-5288,4962,24.374999,26.999998,30,400
59429,-57,53,-5345,5015,24.300001,26.999998,30,400
59429,-55,54,-5400,5069,24.284999,26.999998,30,400
59429,-58,59,-5458,5128,24.300001,26.999998,30,400
59429,-56,54,-5514,5182,24.269999,26.999998,30,400
59429,-55,49,-5569,5231,24.179999,26.999998,30,400
59429,-54,54,-5623,5285,24.179999,26.999998,30,400
59429,-53,55,-5676,5340,24.209998,26.999998,30,400
59429,-53,61,-5729,5401,24.329998,26.999998,30,400
59429,-56,59,-5785,5460,24.329998,26.999998,30,400
59429,-57,55,-5842,5515,24.345000,26.999998,30,400
59429,-56,54,-5898,5569,24.315001,26.999998,30,400
59429,-55,46,-5953,5615,24.179999,26.999998,30,400
59429,-57,60,-6010,5675,24.179999,26.999998,30,400
59429,-56,57,-6066,5732,24.240000,26.999998,30,400
59429,-51,45,-6117,5777,24.150000,26.999998,30,400
59429,-46,46,-6163,5823,24.150000,26.999998,30,400
59429,-53,57,-6216,5880,24.150000,26.999998,30,400
59429,-57,62,-6273,5942,24.284999,26.999998,30,400
59429,-53,53,-6326,5995,24.284999,26.999998,30,400
59429,-51,55,-6377,6050,24.345000,26.999998,30,400
59429,-53,53,-6430,6103,24.345000,26.999998,30,400
59429,-57,56,-6487,6159,24.329998,26.999998,30,400
59429,-49,52,-6536,6211,24.374999,26.999998,30,400
59429,-52,52,-6588,6263,24.374999,26.999998,30,400
59429,-55,53,-6643,6316,24.374999,26.999998,30,400
59429,-53,49,-6696,6365,24.284999,26.999998,30,400
59429,-56,52,-6752,6417,24.225001,26.999998,30,400
59429,-55,56,-6807,6473,24.240000,26.999998,30,400
59429,-57,57,-6864,6530,24.240000,26.999998,30,400
59429,-53,56,-6917,6586,24.284999,26.999998,30,400
59429,-51,54,-6968,6640,24.329998,26.999998,30,400
59429,-54,53,-7022,6693,24.315001,26.999998,30,400
59429,-50,56,-7072,6749,24.315001,26.999998,30,400
59429,-49,54,-7121,6803,24.479999,26.999998,30,400
59429,-50,51,-7171,6854,24.495001,26.999998,30,400
59429,-54,55,-7225,6909,24.509998,26.999998,30,400
59429,-53,54,-7278,6963,24.509998,26.999998,30,400
59429,-48,54,-7326,7017,24.615001,26.999998,30,400
59429,-56,56,-7382,7073,24.615001,26.999998,30,400
59429,-51,54,-7433,7127,24.659999,26.999998,30,400
59429,-59,59,-7492,7186,24.659999,26.999998,30,400
59429,-54,54,-7546,7240,24.659999,26.999998,30,400
59429,-52,57,-7598,7297,24.735000,26.999998,30,400
59429,-49,54,-7647,7351,24.810001,26.999998,30,400
59429,-53,55,-7700,7406,24.840002,26.999998,30,400
59429,-56,57,-7756,7463,24.854999,26.999998,30,400
59429,-55,49,-7811,7512,24.765002,26.999998,30,400
59429,-53,49,-7864,7561,24.705001,26.999998,30,400
59429,-50,54,-7914,7615,24.765002,26.999998,30,400
59429,-52,48,-7966,7663,24.765002,26.999998,30,400
59429,-58,49,-8024,7712,24.570002,26.999998,30,400
59429,-53,53,-8077,7765,24.570002,26.999998,30,400
59429,-55,56,-8132,7821,24.584999,26.999998,30,400
59429,-54,57,-8186,7878,24.584999,26.999998,30,400
59429,-57,56,-8243,7934,24.615001,26.999998,30,400
59429,-54,51,-8297,7985,24.570002,26.999998,30,400
59429,-55,52,-8352,8037,24.525000,26.999998,30,400
59429,-51,46,-8403,8083,24.525000,26.999998,30,400
59429,-49,54,-8452,8137,24.525000,26.999998,30,400
59429,-51,62,-8503,8199,24.690001,26.999998,30,400
59429,-55,57,-8558,8256,24.720000,26.999998,30,400
59429,-52,54,-8610,8310,24.720000,26.999998,30,400
59429,-53,47,-8663,8357,24.659999,26.999998,30,400
59429,-55,52,-8718,8409,24.615001,26.999998,30,400
59429,-55,60,-8773,8469,24.690001,26.999998,30,400
59429,-54,52,-8827,8521,24.690001,26.999998,30,400
59429,-51,44,-8878,8565,24.555000,26.999998,30,400
59429,-46,50,-8924,8615,24.615001,26.999998,30,400
59429,-52,60,-8976,8675,24.735000,26.999998,30,400
59429,-53,60,-9029,8735,24.735000,26.999998,30,400
59429,-56,56,-9085,8791,24.840002,26.999998,30,400
59429,-54,60,-9139,8851,24.930000,26.999998,30,400
59429,-53,56,-9192,8907,24.975001,26.999998,30,400
59429,-56,53,-9248,8960,24.975001,26.999998,30,400
59429,-52,55,-9300,9015,24.975001,26.999998,30,400
59429,-50,54,-9350,9069,25.035000,26.999998,30,400
59429,-58,48,-9408,9117,24.884998,26.999998,30,400
59429,-59,50,-9467,9167,24.884998,26.999998,30,400
59429,-60,59,-9527,9226,24.735000,26.999998,30,400
59429,-56,57,-9583,9283,24.750000,26.999998,30,400
59429,-55,55,-9638,9338,24.750000,26.999998,30,400
59429,-51,51,-9689,9389,24.750000,26.999998,30,400
59429,-51,54,-9740,9443,24.795001,26.999998,30,400
59429,-54,54,-9794,9497,24.795001,26.999998,30,400
59429,-48,55,-9842,9552,24.900001,26.999998,30,400
59429,-46,53,-9888,9605,24.900001,26.999998,30,400
59429,-53,54,-9941,9659,25.020000,26.999998,30,400
59429,-62,53,-10003,9712,24.884998,26.999998,30,400
59429,-57,55,-10060,9767,24.854999,26.999998,30,400
59429,-51,56,-10111,9823,24.930000,26.999998,30,400
59429,-56,59,-10167,9882,24.975001,26.999998,30,400
59429,-53,57,-10220,9939,25.035000,26.999998,30,400
59429,-63,56,-10283,9995,24.930000,26.999998,30,400
59429,-58,58,-10341,10053,24.930000,26.999998,30,400
59429,-52,56,-10393,10109,24.930000,26.999998,30,400
59429,-53,54,-10446,10163,25.005000,26.999998,30,400
59429,-65,54,-10511,10217,24.840002,26.999998,30,400
59429,-59,54,-10570,10271,24.765002,26.999998,30,400
59429,-55,50,-10625,10321,24.765002,26.999998,30,400
59429,-48,52,-10673,10373,24.750000,26.999998,30,400
59429,-48,50,-10721,10423,24.779999,26.999998,30,400
59429,-55,50,-10776,10473,24.705001,26.999998,30,400
59429,-52,53,-10828,10526,24.705001,26.999998,30,400
59429,-54,53,-10882,10579,24.705001,26.999998,30,400
59429,-52,56,-10934,10635,24.765002,26.999998,30,400
59429,-56,59,-10990,10694,24.810001,26.999998,30,400
59429,-53,51,-11043,10745,24.810001,26.999998,30,400
59429,-56,52,-11099,10797,24.720000,26.999998,30,400
59429,-54,55,-11153,10852,24.735000,26.999998,30,400
59429,-50,56,-11203,10908,24.825000,26.999998,30,400
59429,-52,64,-11255,10972,24.825000,26.999998,30,400
59429,-59,59,-11314,11031,25.005000,26.999998,30,400
59429,-65,58,-11379,11089,24.900001,26.999998,30,400
59429,-62,52,-11441,11141,24.750000,26.999998,30,400
59429,-59,58,-11500,11199,24.750000,26.999998,30,400
59429,-58,65,-11558,11264,24.840002,26.999998,30,400
59429,-55,50,-11613,11314,24.765002,26.999998,30,400
59429,-51,46,-11664,11360,24.690001,26.999998,30,400
59429,-48,57,-11712,11417,24.690001,26.999998,30,400
59429,-55,68,-11767,11485,25.020000,26.999998,30,400
59429,-59,56,-11826,11541,24.975001,26.999998,30,400
59429,-59,60,-11885,11601,24.990001,26.999998,30,400
59429,-53,55,-11938,11656,24.990001,26.999998,30,400
59429,-66,58,-12004,11714,24.900001,26.999998,30,400
59429,-58,55,-12062,11769,24.854999,26.999998,30,400
59429,-53,57,-12115,11826,24.915000,26.999998,30,400
59429,-55,53,-12170,11879,24.915000,26.999998,30,400
59429,-55,53,-12225,11932,24.854999,26.999998,30,400
59429,-57,58,-12282,11990,24.869999,26.999998,30,400
59429,-54,57,-12336,12047,24.915000,26.999998,30,400
59429,-57,55,-12393,12102,24.884998,26.999998,30,400
59429,-53,55,-12446,12157,24.915000,26.999998,30,400
59429,-52,55,-12498,12212,24.959999,26.999998,30,400
59429,-54,55,-12552,12267,24.975001,26.999998,30,400
59429,-49,58,-12601,12325,25.109997,26.999998,30,400
59429,-50,54,-12651,12379,25.109997,26.999998,30,400
59429,-57,52,-12708,12431,25.095001,26.999998,30,400
59429,-62,52,-12770,12483,24.944999,26.999998,30,400
59429,-57,53,-12827,12536,24.884998,26.999998,30,400
59429,-50,57,-12877,12593,24.884998,26.999998,30,400
59429,-60,56,-12937,12649,24.930000,26.999998,30,400
59429,-58,58,-12995,12707,24.930000,26.999998,30,400
59429,-60,56,-13055,12763,24.869999,26.999998,30,400
59429,-52,57,-13107,12820,24.869999,26.999998,30,400
59429,-49,55,-13156,12875,25.035000,26.999998,30,400
59429,-52,56,-13208,12931,25.095001,26.999998,30,400
59429,-62,56,-13270,12987,25.005000,26.999998,30,400
59429,-64,54,-13334,13041,25.005000,26.999998,30,400
59429,-60,51,-13394,13092,24.720000,26.999998,30,400
59429,-49,55,-13443,13147,24.810001,26.999998,30,400
59429,-47,50,-13490,13197,24.854999,26.999998,30,400
59429,-56,54,-13546,13251,24.854999,26.999998,30,400
59429,-54,56,-13600,13307,24.854999,26.999998,30,400
59429,-57,57,-13657,13364,24.854999,26.999998,30,400
59429,-57,59,-13714,13423,24.884998,26.999998,30,400
59429,-56,60,-13770,13483,24.884998,26.999998,30,400
59429,-55,52,-13825,13535,24.900001,26.999998,30,400
59429,-57,57,-13882,13592,24.900001,26.999998,30,400
59429,-53,52,-13935,13644,24.884998,26.999998,30,400
59429,-52,61,-13987,13705,24.884998,26.999998,30,400
59429,-57,66,-14044,13771,25.154999,26.999998,30,400
59429,-64,58,-14108,13829,25.065001,26.999998,30,400
59429,-64,55,-14172,13884,24.930000,26.999998,30,400
59429,-63,51,-14235,13935,24.930000,26.999998,30,400
59429,-60,62,-14295,13997,24.779999,26.999998,30,400
59429,-56,60,-14351,14057,24.840002,26.999998,30,400
59429,-52,48,-14403,14105,24.779999,26.999998,30,400
59429,-51,49,-14454,14154,24.779999,26.999998,30,400
59429,-52,64,-14506,14218,24.930000,26.999998,30,400
59429,-56,63,-14562,14281,25.035000,26.999998,30,400
59429,-60,55,-14622,14336,24.959999,26.999998,30,400
59429,-60,60,-14682,14396,24.959999,26.999998,30,400
59429,-52,56,-14734,14452,25.020000,26.999998,30,400
59429,-60,54,-14794,14506,24.930000,26.999998,30,400
59429,-55,57,-14849,14563,24.959999,26.999998,30,400
59429,-52,56,-14901,14619,25.020000,26.999998,30,400
59429,-57,48,-14958,14667,24.884998,26.999998,30,400
59429,-59,52,-15017,14719,24.779999,26.999998,30,400
59429,-56,56,-15073,14775,24.779999,26.999998,30,400
59429,-54,57,-15127,14832,24.825000,26.999998,30,400
59429,-55,56,-15182,14888,24.825000,26.999998,30,400
59429,-52,55,-15234,14943,24.884998,26.999998,30,400
59429,-48,53,-15282,14996,24.959999,26.999998,30,400
59429,-54,55,-15336,15051,24.975001,26.999998,30,400
59429,-44,56,-15380,15107,24.975001,26.999998,30,400
59429,-48,54,-15428,15161,25.244999,26.999998,30,400
59429,-58,56,-15486,15217,25.215000,26.999998,30,400
59429,-63,52,-15549,15269,25.049999,26.999998,30,400
59429,-61,54,-15610,15323,25.049999,26.999998,30,400
59429,-57,58,-15667,15381,24.959999,26.999998,30,400
59429,-54,58,-15721,15439,25.020000,26.999998,30,400
59429,-59,58,-15780,15497,25.005000,26.999998,30,400
59429,-65,55,-15845,15552,25.005000,26.999998,30,400
59429,-61,61,-15906,15613,24.854999,26.999998,30,400
59429,-51,58,-15957,15671,24.959999,26.999998,30,400
59429,-51,60,-16008,15731,25.095001,26.999998,30,400
59429,-60,58,-16068,15789,25.095001,26.999998,30,400
59429,-63,53,-16131,15842,24.915000,26.999998,30,400
59429,-56,52,-16187,15894,24.854999,26.999998,30,400
59429,-48,54,-16235,15948,24.944999,26.999998,30,400
59429,-53,55,-16288,16003,24.944999,26.999998,30,400
59429,-56,54,-16344,16057,24.944999,26.999998,30,400
59429,-50,54,-16394,16111,25.005000,26.999998,30,400
59429,-58,56,-16452,16167,24.975001,26.999998,30,400
59429,-58,59,-16510,16226,24.975001,26.999998,30,400
59429,-61,53,-16571,16279,24.869999,26.999998,30,400
59429,-59,51,-16630,16330,24.750000,26.999998,30,400
59429,-54,55,-16684,16385,24.765002,26.999998,30,400
59429,-51,56,-16735,16441,24.765002,26.999998,30,400
59429,-51,65,-16786,16506,25.049999,26.999998,30,400
59429,-55,61,-16841,16567,25.139999,26.999998,30,400
59429,-64,58,-16905,16625,25.049999,26.999998,30,400
59429,-65,52,-16970,16677,25.049999,26.999998,30,400
59429,-61,54,-17031,16731,24.750000,26.999998,30,400
59429,-55,64,-17086,16795,24.884998,26.999998,30,400
59429,-50,50,-17136,16845,24.884998,26.999998,30,400
59429,-48,44,-17184,16889,24.825000,26.999998,30,400
59429,-45,48,-17229,16937,24.869999,26.999998,30,400
59429,-51,64,-17280,17001,25.065001,26.999998,30,400
59429,-54,56,-17334,17057,25.095001,26.999998,30,400
59429,-63,56,-17397,17113,24.990001,26.999998,30,400
59429,-61,58,-17458,17171,24.990001,26.999998,30,400
59429,-58,55,-17516,17226,24.900001,26.999998,30,400
59429,-54,53,-17570,17279,24.884998,26.999998,30,400
59429,-46,53,-17616,17332,24.990001,26.999998,30,400
59429,-47,51,-17663,17383,24.990001,26.999998,30,400
59429,-58,50,-17721,17433,24.930000,26.999998,30,400
59429,-55,49,-17776,17482,24.840002,26.999998,30,400
59429,-55,53,-17831,17535,24.810001,26.999998,30,400
59429,-52,57,-17883,17592,24.810001,26.999998,30,400
59429,-52,54,-17935,17646,24.915000,26.999998,30,400
59429,-47,50,-17982,17696,24.959999,26.999998,30,400
59429,-45,53,-18027,17749,25.080001,26.999998,30,400
59429,-52,53,-18079,17802,25.080001,26.999998,30,400
59429,-57,57,-18136,17859,25.095001,26.999998,30,400
59429,-55,56,-18191,17915,25.109997,26.999998,30,400
59429,-57,55,-18248,17970,25.080001,26.999998,30,400
59429,-59,54,-18307,18024,25.080001,26.999998,30,400
59429,-60,54,-18367,18078,24.915000,26.999998,30,400
59429,-53,55,-18420,18133,24.944999,26.999998,30,400
59429,-54,56,-18474,18189,24.975001,26.999998,30,400
59429,-50,58,-18524,18247,24.975001,26.999998,30,400
59429,-58,54,-18582,18301,25.035000,26.999998,30,400
59429,-59,56,-18641,18357,24.990001,26.999998,30,400
59429,-58,55,-18699,18412,24.944999,26.999998,30,400
59429,-52,54,-18751,18466,24.944999,26.999998,30,400
59429,-54,57,-18805,18523,25.020000,26.999998,30,400
59429,-55,54,-18860,18577,25.005000,26.999998,30,400
59429,-60,49,-18920,18626,24.840002,26.999998,30,400
59429,-53,50,-18973,18676,24.840002,26.999998,30,400
59429,-46,52,-19019,18728,24.884998,26.999998,30,400
59429,-54,53,-19073,18781,24.869999,26.999998,30,400
59429,-52,52,-19125,18833,24.869999,26.999998,30,400
59429,-52,56,-19177,18889,24.869999,26.999998,30,400
59429,-54,58,-19231,18947,24.990001,26.999998,30,400
59429,-58,57,-19289,19004,24.975001,26.999998,30,400
59429,-57,51,-19346,19055,24.884998,26.999998,30,400
59429,-55,52,-19401,19107,24.884998,26.999998,30,400
59429,-51,52,-19452,19159,24.854999,26.999998,30,400
59429,-52,52,-19504,19211,24.854999,26.999998,30,400
59429,-52,64,-19556,19275,25.035000,26.999998,30,400
59429,-56,59,-19612,19334,25.080001,26.999998,30,400
59429,-63,59,-19675,19393,25.020000,26.999998,30,400
59429,-65,51,-19740,19444,24.810001,26.999998,30,400
59429,-60,52,-19800,19496,24.690001,26.999998,30,400
59429,-58,63,-19858,19559,24.765002,26.999998,30,400
59429,-53,54,-19911,19613,24.765002,26.999998,30,400
59429,-49,44,-19960,19657,24.705001,26.999998,30,400
59429,-49,52,-20009,19709,24.750000,26.999998,30,400
59429,-53,64,-20062,19773,24.915000,26.999998,30,400
59429,-56,60,-20118,19833,24.915000,26.999998,30,400
59429,-56,58,-20174,19891,25.005000,26.999998,30,400
59429,-56,56,-20230,19947,25.005000,26.999998,30,400
59429,-58,56,-20288,20003,24.975001,26.999998,30,400
59429,-61,50,-20349,20053,24.975001,26.999998,30,400
59429,-49,55,-20398,20108,24.900001,26.999998,30,400
59429,-50,57,-20448,20165,25.005000,26.999998,30,400
59429,-57,52,-20505,20217,24.930000,26.999998,30,400
59429,-57,52,-20562,20269,24.930000,26.999998,30,400
59429,-56,56,-20618,20325,24.854999,26.999998,30,400
59429,-54,54,-20672,20379,24.854999,26.999998,30,400
59429,-51,52,-20723,20431,24.869999,26.999998,30,400
59429,-50,52,-20773,20483,24.869999,26.999998,30,400
59429,-47,54,-20820,20537,25.005000,26.999998,30,400
59429,-55,56,-20875,20593,25.020000,26.999998,30,400
59429,-54,54,-20929,20647,25.020000,26.999998,30,400
59429,-53,52,-20982,20699,25.020000,26.999998,30,400
59429,-58,54,-21040,20753,24.944999,26.999998,30,400
59429,-58,52,-21098,20805,24.854999,26.999998,30,400
59429,-50,54,-21148,20859,24.915000,26.999998,30,400
59429,-44,55,-21192,20914,24.915000,26.999998,30,400
59429,-56,53,-21248,20967,25.035000,26.999998,30,400
59429,-58,56,-21306,21023,25.005000,26.999998,30,400
59429,-66,53,-21372,21076,24.810001,26.999998,30,400
59429,-57,58,-21429,21134,24.810001,26.999998,30,400
59429,-52,59,-21481,21193,24.930000,26.999998,30,400
59429,-47,55,-21528,21248,25.049999,26.999998,30,400
59429,-56,55,-21584,21303,25.035000,26.999998,30,400
59429,-60,53,-21644,21356,25.035000,26.999998,30,400
59429,-58,48,-21702,21404,24.779999,26.999998,30,400
59429,-48,51,-21750,21455,24.825000,26.999998,30,400
59429,-46,49,-21796,21504,24.869999,26.999998,30,400
59429,-50,49,-21846,21553,24.854999,26.999998,30,400
59429,-53,50,-21899,21603,24.810001,26.999998,30,400
59429,-51,54,-21950,21657,24.854999,26.999998,30,400
59429,-52,56,-22002,21713,24.915000,26.999998,30,400
59429,-51,56,-22053,21769,24.990001,26.999998,30,400
59429,-58,50,-22111,21819,24.990001,26.999998,30,400
59429,-54,47,-22165,21866,24.765002,26.999998,30,400
59429,-51,52,-22216,21918,24.779999,26.999998,30,400
59429,-51,51,-22267,21969,24.779999,26.999998,30,400
59429,-49,60,-22316,22029,24.779999,26.999998,30,400
59429,-50,60,-22366,22089,25.095001,26.999998,30,400
59429,-58,57,-22424,22146,25.080001,26.999998,30,400
59429,-61,52,-22485,22198,24.944999,26.999998,30,400
59429,-59,46,-22544,22244,24.944999,26.999998,30,400
59429,-56,57,-22600,22301,24.765002,26.999998,30,400
59429,-54,62,-22654,22363,24.884998,26.999998,30,400
59429,-52,49,-22706,22412,24.840002,26.999998,30,400
59429,-49,47,-22755,22459,24.840002,26.999998,30,400
59429,-46,58,-22801,22517,24.990001,26.999998,30,400
59429,-57,62,-22858,22579,25.065001,26.999998,30,400
59429,-63,54,-22921,22633,24.930000,26.999998,30,400
59429,-59,56,-22980,22689,24.930000,26.999998,30,400
59429,-50,55,-23030,22744,24.959999,26.999998,30,400
59429,-52,54,-23082,22798,24.990001,26.999998,30,400
59429,-53,50,-23135,22848,24.944999,26.999998,30,400
59429,-47,53,-23182,22901,24.944999,26.999998,30,400
59429,-52,50,-23234,22951,25.005000,26.999998,30,400
59429,-60,50,-23294,23001,24.854999,26.999998,30,400
59429,-60,51,-23354,23052,24.720000,26.999998,30,400
59429,-54,55,-23408,23107,24.720000,26.999998,30,400
59429,-50,52,-23458,23159,24.765002,26.999998,30,400
59429,-48,52,-23506,23211,24.825000,26.999998,30,400
59429,-48,52,-23554,23263,24.884998,26.999998,30,400
59429,-46,52,-23600,23315,24.884998,26.999998,30,400
59429,-52,52,-23652,23367,24.975001,26.999998,30,400
59429,-46,56,-23698,23423,25.125000,26.999998,30,400
59429,-47,50,-23745,23473,25.170001,26.999998,30,400
59429,-55,52,-23800,23525,25.170001,26.999998,30,400
59429,-58,49,-23858,23574,24.990001,26.999998,30,400
59429,-61,53,-23919,23627,24.869999,26.999998,30,400
59429,-53,53,-23972,23680,24.869999,26.999998,30,400
59429,-53,52,-24025,23732,24.854999,26.999998,30,400
59429,-49,55,-24074,23787,24.944999,26.999998,30,400
59429,-55,54,-24129,23841,24.930000,26.999998,30,400
59429,-50,56,-24179,23897,25.020000,26.999998,30,400
59429,-54,57,-24233,23954,25.065001,26.999998,30,400
59429,-53,53,-24286,24007,25.065001,26.999998,30,400
59429,-59,53,-24345,24060,24.975001,26.999998,30,400
59429,-59,53,-24404,24113,24.884998,26.999998,30,400
59429,-53,48,-24457,24161,24.810001,26.999998,30,400
59429,-49,52,-24506,24213,24.810001,26.999998,30,400
59429,-43,52,-24549,24265,24.990001,26.999998,30,400
59429,-53,49,-24602,24314,24.930000,26.999998,30,400
59429,-58,49,-24660,24363,24.795001,26.999998,30,400
59429,-52,55,-24712,24418,24.795001,26.999998,30,400
59429,-53,54,-24765,24472,24.854999,26.999998,30,400
59429,-49,56,-24814,24528,24.959999,26.999998,30,400
59429,-55,53,-24869,24581,24.930000,26.999998,30,400
59429,-51,51,-24920,24632,24.930000,26.999998,30,400
59429,-53,53,-24973,24685,24.930000,26.999998,30,400
59429,-49,48,-25022,24733,24.915000,26.999998,30,400
59429,-48,57,-25070,24790,25.049999,26.999998,30,400
59429,-54,63,-25124,24853,25.049999,26.999998,30,400
59429,-63,57,-25187,24910,25.095001,26.999998,30,400
59429,-64,54,-25251,24964,24.944999,26.999998,30,400
59429,-60,49,-25311,25013,24.779999,26.999998,30,400
59429,-56,60,-25367,25073,24.779999,26.999998,30,400
59429,-53,60,-25420,25133,24.944999,26.999998,30,400
59429,-50,45,-25470,25178,24.869999,26.999998,30,400
59429,-48,44,-25518,25222,24.810001,26.999998,30,400
59429,-47,57,-25565,25279,24.810001,26.999998,30,400
59429,-51,64,-25616,25343,25.154999,26.999998,30,400
59429,-59,56,-25675,25399,25.109997,26.999998,30,400
59429,-63,58,-25738,25457,25.035000,26.999998,30,400
59429,-58,55,-25796,25512,25.035000,26.999998,30,400
59429,-64,57,-25860,25569,24.884998,26.999998,30,400
59429,-57,52,-25917,25621,24.810001,26.999998,30,400
59429,-51,60,-25968,25681,24.944999,26.999998,30,400
59429,-51,54,-26019,25735,24.944999,26.999998,30,400
59429,-58,50,-26077,25785,24.869999,26.999998,30,400
59429,-60,54,-26137,25839,24.779999,26.999998,30,400
59429,-54,57,-26191,25896,24.825000,26.999998,30,400
59429,-53,49,-26244,25945,24.825000,26.999998,30,400
59429,-50,50,-26294,25995,24.765002,26.999998,30,400
59429,-48,53,-26342,26048,24.840002,26.999998,30,400
59429,-48,55,-26390,26103,24.944999,26.999998,30,400
59429,-50,56,-26440,26159,25.035000,26.999998,30,400
59429,-48,53,-26488,26212,25.109997,26.999998,30,400
59429,-52,49,-26540,26261,25.065001,26.999998,30,400
59429,-56,52,-26596,26313,25.005000,26.999998,30,400
59429,-64,51,-26660,26364,24.810001,26.999998,30,400
59429,-55,53,-26715,26417,24.810001,26.999998,30,400
59429,-55,58,-26770,26475,24.825000,26.999998,30,400
59429,-53,55,-26823,26530,24.854999,26.999998,30,400
59429,-55,57,-26878,26587,24.884998,26.999998,30,400
59429,-56,56,-26934,26643,24.884998,26.999998,30,400
59429,-52,60,-26986,26703,25.005000,26.999998,30,400
59429,-50,54,-27036,26757,25.065001,26.999998,30,400
59429,-57,57,-27093,26814,25.065001,26.999998,30,400
59429,-66,57,-27159,26871,25.065001,26.999998,30,400
59429,-61,53,-27220,26924,24.810001,26.999998,30,400
59429,-54,54,-27274,26978,24.810001,26.999998,30,400
59429,-48,55,-27322,27033,24.915000,26.999998,30,400
59429,-54,57,-27376,27090,24.915000,26.999998,30,400
59429,-58,54,-27434,27144,24.900001,26.999998,30,400
59429,-54,56,-27488,27200,24.930000,26.999998,30,400
59429,-58,59,-27546,27259,24.944999,26.999998,30,400
59429,-55,63,-27601,27322,24.944999,26.999998,30,400
59429,-60,55,-27661,27377,24.990001,26.999998,30,400
59429,-63,54,-27724,27431,24.854999,26.999998,30,400
59429,-59,54,-27783,27485,24.779999,26.999998,30,400
59429,-55,60,-27838,27545,24.779999,26.999998,30,400
59429,-54,68,-27892,27613,25.065001,26.999998,30,400
59429,-59,61,-27951,27674,25.095001,26.999998,30,400
59429,-64,58,-28015,27732,25.005000,26.999998,30,400
59429,-65,53,-28080,27785,25.005000,26.999998,30,400
59429,-64,62,-28144,27847,24.795001,26.999998,30,400
59429,-57,62,-28201,27909,24.869999,26.999998,30,400
59429,-54,50,-28255,27959,24.810001,26.999998,30,400
59429,-51,47,-28306,28006,24.810001,26.999998,30,400
59429,-50,61,-28356,28067,24.915000,26.999998,30,400
59429,-54,65,-28410,28132,25.080001,26.999998,30,400
59429,-60,59,-28470,28191,25.065001,26.999998,30,400
59429,-64,58,-28534,28249,25.065001,26.999998,30,400
59429,-59,56,-28593,28305,24.930000,26.999998,30,400
59429,-56,52,-28649,28357,24.869999,26.999998,30,400
59429,-51,56,-28700,28413,24.944999,26.999998,30,400
59429,-49,57,-28749,28470,25.065001,26.999998,30,400
59429,-55,49,-28804,28519,24.975001,26.999998,30,400
59429,-57,50,-28861,28569,24.869999,26.999998,30,400
59429,-57,57,-28918,28626,24.869999,26.999998,30,400
59429,-56,57,-28974,28683,24.884998,26.999998,30,400
59429,-56,56,-29030,28739,24.884998,26.999998,30,400
59429,-52,54,-29082,28793,24.915000,26.999998,30,400
59429,-50,56,-29132,28849,25.005000,26.999998,30,400
59429,-59,56,-29191,28905,24.959999,26.999998,30,400
59429,-54,60,-29245,28965,24.959999,26.999998,30,400
59429,-51,56,-29296,29021,25.125000,26.999998,30,400
59429,-57,56,-29353,29077,25.109997,26.999998,30,400
59429,-66,56,-29419,29133,24.959999,26.999998,30,400
59429,-57,57,-29476,29190,24.959999,26.999998,30,400
59429,-54,59,-29530,29249,25.035000,26.999998,30,400
59429,-58,58,-29588,29307,25.035000,26.999998,30,400
59429,-66,62,-29654,29369,24.975001,26.999998,30,400
59429,-64,59,-29718,29428,24.975001,26.999998,30,400
59429,-57,61,-29775,29489,24.959999,26.999998,30,400
59429,-51,61,-29826,29550,25.109997,26.999998,30,400
59429,-56,60,-29882,29610,25.170001,26.999998,30,400
59429,-64,57,-29946,29667,25.170001,26.999998,30,400
59429,-64,52,-30010,29719,24.884998,26.999998,30,400
59429,-57,53,-30067,29772,24.825000,26.999998,30,400
59429,-52,57,-30119,29829,24.900001,26.999998,30,400
59429,-56,57,-30175,29886,24.900001,26.999998,30,400
59429,-53,54,-30228,29940,24.930000,26.999998,30,400
59429,-54,54,-30282,29994,24.930000,26.999998,30,400
59429,-53,58,-30335,30052,25.005000,26.999998,30,400
59429,-59,61,-30394,30113,25.005000,26.999998,30,400
59429,-62,50,-30456,30163,24.854999,26.999998,30,400
59429,-63,58,-30519,30221,24.779999,26.999998,30,400
59429,-56,56,-30575,30277,24.779999,26.999998,30,400
59429,-52,58,-30627,30335,24.779999,26.999998,30,400
59429,-53,66,-30680,30401,25.065001,26.999998,30,400
59429,-59,58,-30739,30459,25.049999,26.999998,30,400
59429,-62,54,-30801,30513,24.930000,26.999998,30,400
59429,-62,50,-30863,30563,24.930000,26.999998,30,400
59429,-57,60,-30920,30623,24.795001,26.999998,30,400
59429,-56,64,-30976,30687,24.915000,26.999998,30,400
59429,-51,48,-31027,30735,24.869999,26.999998,30,400
59429,-49,47,-31076,30782,24.869999,26.999998,30,400
59429,-49,61,-31125,30843,25.020000,26.999998,30,400
59429,-58,59,-31183,30902,25.035000,26.999998,30,400
59429,-65,54,-31248,30956,24.869999,26.999998,30,400
59429,-63,59,-31311,31015,24.810001,26.999998,30,400
59429,-52,57,-31363,31072,24.884998,26.999998,30,400
59429,-56,58,-31419,31130,24.915000,26.999998,30,400
59429,-50,56,-31469,31186,25.005000,26.999998,30,400
59429,-51,53,-31520,31239,25.035000,26.999998,30,400
59429,-60,51,-31580,31290,25.035000,26.999998,30,400
59429,-59,51,-31639,31341,24.779999,26.999998,30,400
59429,-60,60,-31699,31401,24.779999,26.999998,30,400
59429,-57,60,-31756,31461,24.825000,26.999998,30,400
59429,-54,57,-31810,31518,24.825000,26.999998,30,400
59429,-52,56,-31862,31574,24.930000,26.999998,30,400
59429,-52,59,-31914,31633,25.035000,26.999998,30,400
59429,-59,58,-31973,31691,25.020000,26.999998,30,400
59429,-59,57,-32032,31748,25.020000,26.999998,30,400
59429,-61,58,-32093,31806,24.944999,26.999998,30,400
59429,-55,57,-32148,31863,24.975001,26.999998,30,400
59429,-56,57,-32204,31920,24.990001,26.999998,30,400
59429,-51,56,-32255,31976,24.990001,26.999998,30,400
59429,-60,56,-32315,32032,25.005000,26.999998,30,400
59429,-63,59,-32378,32091,24.944999,26.999998,30,400
59429,-66,61,-32444,32152,24.869999,26.999998,30,400
59429,-56,60,-32500,32212,24.869999,26.999998,30,400
59429,-53,59,-32553,32271,25.020000,26.999998,30,400
59429,-52,57,-32605,32328,25.095001,26.999998,30,400
59429,-60,57,-32665,32385,25.049999,26.999998,30,400
59429,-63,56,-32728,32441,25.049999,26.999998,30,400
59429,-60,51,-32788,32492,24.810001,26.999998,30,400
59429,-52,53,-32840,32545,24.825000,26.999998,30,400
59429,-48,52,-32888,32597,24.884998,26.999998,30,400
59429,-54,56,-32942,32653,24.884998,26.999998,30,400
59429,-54,56,-32996,32709,24.944999,26.999998,30,400
59429,-54,56,-33050,32765,24.975001,26.999998,30,400
59429,-55,59,-33105,32824,25.035000,26.999998,30,400
59429,-59,56,-33164,32880,25.035000,26.999998,30,400
59429,-64,51,-33228,32931,24.795001,26.999998,30,400
59429,-62,56,-33290,32987,24.705001,26.999998,30,400
59429,-53,52,-33343,33039,24.690001,26.999998,30,400
59429,-51,60,-33394,33099,24.690001,26.999998,30,400
59429,-52,64,-33446,33163,25.005000,26.999998,30,400
59429,-60,59,-33506,33222,24.990001,26.999998,30,400
59429,-63,55,-33569,33277,24.869999,26.999998,30,400
59429,-61,50,-33630,33327,24.705001,26.999998,30,400
59429,-59,62,-33689,33389,24.750000,26.999998,30,400
59429,-56,63,-33745,33452,24.854999,26.999998,30,400
59429,-52,48,-33797,33500,24.795001,26.999998,30,400
59429,-50,47,-33847,33547,24.750000,26.999998,30,400
59429,-49,61,-33896,33608,24.750000,26.999998,30,400
59429,-56,66,-33952,33674,25.080001,26.999998,30,400
59429,-61,58,-34013,33732,25.035000,26.999998,30,400
59429,-65,61,-34078,33793,24.975001,26.999998,30,400
59429,-60,57,-34138,33850,24.975001,26.999998,30,400
59429,-60,61,-34198,33911,24.944999,26.999998,30,400
59429,-52,56,-34250,33967,25.005000,26.999998,30,400
59429,-55,55,-34305,34022,25.005000,26.999998,30,400
59429,-63,53,-34368,34075,25.005000,26.999998,30,400
59429,-61,57,-34429,34132,24.795001,26.999998,30,400
59429,-57,60,-34486,34192,24.840002,26.999998,30,400
59429,-56,58,-34542,34250,24.869999,26.999998,30,400
59429,-54,57,-34596,34307,24.869999,26.999998,30,400
59429,-51,56,-34647,34363,24.990001,26.999998,30,400
59429,-55,56,-34702,34419,25.005000,26.999998,30,400
59429,-61,57,-34763,34476,24.944999,26.999998,30,400
59429,-53,58,-34816,34534,24.944999,26.999998,30,400
59429,-56,58,-34872,34592,25.049999,26.999998,30,400
59429,-59,55,-34931,34647,24.990001,26.999998,30,400
59429,-64,57,-34995,34704,24.884998,26.999998,30,400
59429,-57,59,-35052,34763,24.884998,26.999998,30,400
59429,-58,56,-35110,34819,24.884998,26.999998,30,400
59429,-53,60,-35163,34879,24.990001,26.999998,30,400
59429,-63,58,-35226,34937,24.915000,26.999998,30,400
59429,-58,58,-35284,34995,24.915000,26.999998,30,400
59429,-53,56,-35337,35051,24.959999,26.999998,30,400
59429,-49,57,-35386,35108,25.080001,26.999998,30,400
59429,-58,58,-35444,35166,25.080001,26.999998,30,400
59429,-63,56,-35507,35222,24.975001,26.999998,30,400
59429,-61,51,-35568,35273,24.825000,26.999998,30,400
59429,-50,52,-35618,35325,24.854999,26.999998,30,400
59429,-50,53,-35668,35378,24.900001,26.999998,30,400
59429,-55,54,-35723,35432,24.900001,26.999998,30,400
59429,-53,55,-35776,35487,24.915000,26.999998,30,400
59429,-56,56,-35832,35543,24.915000,26.999998,30,400
59429,-54,58,-35886,35601,24.975001,26.999998,30,400
59429,-58,60,-35944,35661,25.005000,26.999998,30,400
59429,-59,53,-36003,35714,24.915000,26.999998,30,400
59429,-61,57,-36064,35771,24.854999,26.999998,30,400
59429,-53,53,-36117,35824,24.854999,26.999998,30,400
59429,-53,62,-36170,35886,24.990001,26.999998,30,400
59429,-58,65,-36228,35951,24.990001,26.999998,30,400
59429,-64,59,-36292,36010,25.020000,26.999998,30,400
59429,-65,53,-36357,36063,24.840002,26.999998,30,400
59429,-62,52,-36419,36115,24.690001,26.999998,30,400
59429,-58,62,-36477,36177,24.690001,26.999998,30,400
59429,-53,59,-36530,36236,24.840002,26.999998,30,400
59429,-50,47,-36580,36283,24.795001,26.999998,30,400
59429,-49,50,-36629,36333,24.810001,26.999998,30,400
59429,-47,62,-36676,36395,24.810001,26.999998,30,400
59429,-56,59,-36732,36454,25.080001,26.999998,30,400
59429,-62,54,-36794,36508,24.959999,26.999998,30,400
59429,-60,59,-36854,36567,24.944999,26.999998,30,400
59429,-50,56,-36904,36623,24.944999,26.999998,30,400
59429,-58,55,-36962,36678,24.990001,26.999998,30,400
59429,-58,52,-37020,36730,24.900001,26.999998,30,400
59429,-54,57,-37074,36787,24.944999,26.999998,30,400
59429,-54,53,-37128,36840,24.944999,26.999998,30,400
59429,-50,51,-37178,36891,24.944999,26.999998,30,400
59429,-54,54,-37232,36945,24.944999,26.999998,30,400
59429,-56,58,-37288,37003,24.975001,26.999998,30,400
59429,-52,52,-37340,37055,24.975001,26.999998,30,400
59429,-50,51,-37390,37106,24.990001,26.999998,30,400
59429,-52,52,-37442,37158,24.990001,26.999998,30,400
59429,-61,54,-37503,37212,24.884998,26.999998,30,400
59429,-53,53,-37556,37265,24.884998,26.999998,30,400
59429,-48,56,-37604,37321,25.005000,26.999998,30,400
59429,-50,52,-37654,37373,25.035000,26.999998,30,400
59429,-57,53,-37711,37426,24.975001,26.999998,30,400
59429,-56,53,-37767,37479,24.975001,26.999998,30,400
59429,-47,54,-37814,37533,25.035000,26.999998,30,400
59429,-55,53,-37869,37586,25.005000,26.999998,30,400
59429,-59,54,-37928,37640,24.930000,26.999998,30,400
59429,-60,54,-37988,37694,24.930000,26.999998,30,400
59429,-53,55,-38041,37749,24.869999,26.999998,30,400
59429,-51,58,-38092,37807,24.975001,26.999998,30,400
59429,-46,54,-38138,37861,25.095001,26.999998,30,400
59429,-53,56,-38191,37917,25.095001,26.999998,30,400
59429,-61,55,-38252,37972,25.049999,26.999998,30,400
59429,-62,48,-38314,38020,24.840002,26.999998,30,400
59429,-54,50,-38368,38070,24.779999,26.999998,30,400
59429,-46,51,-38414,38121,24.854999,26.999998,30,400
59429,-51,54,-38465,38175,24.900001,26.999998,30,400
59429,-55,52,-38520,38227,24.854999,26.999998,30,400
59429,-50,55,-38570,38282,24.930000,26.999998,30,400
59429,-54,57,-38624,38339,24.975001,26.999998,30,400
59429,-53,59,-38677,38398,24.975001,26.999998,30,400
59429,-61,55,-38738,38453,24.975001,26.999998,30,400
59429,-56,50,-38794,38503,24.884998,26.999998,30,400
59429,-55,54,-38849,38557,24.869999,26.999998,30,400
59429,-52,56,-38901,38613,24.869999,26.999998,30,400
59429,-49,65,-38950,38678,25.170001,26.999998,30,400
59429,-54,61,-39004,38739,25.275001,26.999998,30,400
59429,-62,55,-39066,38794,25.170001,26.999998,30,400
59429,-63,52,-39129,38846,25.170001,26.999998,30,400
59429,-65,52,-39194,38898,24.810001,26.999998,30,400
59429,-62,64,-39256,38962,24.840002,26.999998,30,400
59429,-55,55,-39311,39017,24.840002,26.999998,30,400
59429,-49,45,-39360,39062,24.840002,26.999998,30,400
59429,-48,53,-39408,39115,24.854999,26.999998,30,400
59429,-49,66,-39457,39181,25.109997,26.999998,30,400
59429,-56,58,-39513,39239,25.139999,26.999998,30,400
59429,-63,54,-39576,39293,25.139999,26.999998,30,400
59429,-61,54,-39637,39347,24.900001,26.999998,30,400
59429,-57,56,-39694,39403,24.884998,26.999998,30,400
59429,-55,54,-39749,39457,24.869999,26.999998,30,400
59429,-47,52,-39796,39509,24.869999,26.999998,30,400
59429,-46,54,-39842,39563,25.065001,26.999998,30,400
59429,-56,48,-39898,39611,24.944999,26.999998,30,400
59429,-53,47,-39951,39658,24.854999,26.999998,30,400
59429,-57,57,-40008,39715,24.854999,26.999998,30,400
59429,-54,56,-40062,39771,24.884998,26.999998,30,400
59429,-50,50,-40112,39821,24.884998,26.999998,30,400
59429,-47,51,-40159,39872,24.944999,26.999998,30,400
59429,-48,51,-40207,39923,24.944999,26.999998,30,400
59429,-52,52,-40259,39975,24.990001,26.999998,30,400
59429,-55,54,-40314,40029,24.975001,26.999998,30,400
59429,-50,54,-40364,40083,25.035000,26.999998,30,400
59429,-53,54,-40417,40137,25.035000,26.999998,30,400
59429,-57,52,-40474,40189,24.975001,26.999998,30,400
59429,-58,55,-40532,40244,24.930000,26.999998,30,400
59429,-45,53,-40577,40297,25.049999,26.999998,30,400
59429,-53,54,-40630,40351,25.065001,26.999998,30,400
59429,-58,56,-40688,40407,25.035000,26.999998,30,400
59429,-66,56,-40754,40463,24.884998,26.999998,30,400
59429,-61,57,-40815,40520,24.825000,26.999998,30,400
59429,-53,59,-40868,40579,24.915000,26.999998,30,400
59429,-45,58,-40913,40637,24.915000,26.999998,30,400
59429,-54,58,-40967,40695,25.170001,26.999998,30,400
59429,-61,54,-41028,40749,25.065001,26.999998,30,400
59429,-62,48,-41090,40797,24.854999,26.999998,30,400
59429,-56,51,-41146,40848,24.854999,26.999998,30,400
59429,-48,53,-41194,40901,24.854999,26.999998,30,400
59429,-51,54,-41245,40955,24.900001,26.999998,30,400
59429,-54,52,-41299,41007,24.869999,26.999998,30,400
59429,-51,54,-41350,41061,24.869999,26.999998,30,400
59429,-53,56,-41403,41117,24.959999,26.999998,30,400
59429,-53,60,-41456,41177,25.065001,26.999998,30,400
59429,-58,54,-41514,41231,25.005000,26.999998,30,400
59429,-60,48,-41574,41279,25.005000,26.999998,30,400
59429,-56,52,-41630,41331,24.765002,26.999998,30,400
59429,-54,55,-41684,41386,24.779999,26.999998,30,400
59429,-49,63,-41733,41449,24.990001,26.999998,30,400
59429,-55,63,-41788,41512,24.990001,26.999998,30,400
59429,-62,56,-41850,41568,25.020000,26.999998,30,400
59429,-62,49,-41912,41617,24.825000,26.999998,30,400
59429,-60,50,-41972,41667,24.674999,26.999998,30,400
59429,-58,64,-42030,41731,24.674999,26.999998,30,400
59429,-51,53,-42081,41784,24.795001,26.999998,30,400
59429,-49,43,-42130,41827,24.705001,26.999998,30,400
59429,-45,46,-42175,41873,24.720000,26.999998,30,400
59429,-47,61,-42222,41934,24.720000,26.999998,30,400
59429,-51,61,-42273,41995,25.080001,26.999998,30,400
59429,-57,53,-42330,42048,25.020000,26.999998,30,400
59429,-58,53,-42388,42101,24.944999,26.999998,30,400
59429,-54,52,-42442,42153,24.915000,26.999998,30,400
59429,-53,54,-42495,42207,24.930000,26.999998,30,400
59429,-50,52,-42545,42259,24.959999,26.999998,30,400
59429,-45,53,-42590,42312,25.080001,26.999998,30,400
59429,-52,51,-42642,42363,25.080001,26.999998,30,400
59429,-60,48,-42702,42411,24.884998,26.999998,30,400
59429,-61,55,-42763,42466,24.795001,26.999998,30,400
59429,-56,58,-42819,42524,24.825000,26.999998,30,400
59429,-51,52,-42870,42576,24.825000,26.999998,30,400
59429,-50,53,-42920,42629,24.884998,26.999998,30,400
59429,-49,54,-42969,42683,24.959999,26.999998,30,400
59429,-49,54,-43018,42737,25.035000,26.999998,30,400
59429,-54,56,-43072,42793,25.065001,26.999998,30,400
59429,-51,54,-43123,42847,25.109997,26.999998,30,400
59429,-57,55,-43180,42902,25.080001,26.999998,30,400
59429,-57,53,-43237,42955,25.020000,26.999998,30,400
59429,-63,51,-43300,43006,24.840002,26.999998,30,400
59429,-52,54,-43352,43060,24.840002,26.999998,30,400
59429,-54,56,-43406,43116,24.900001,26.999998,30,400
59429,-48,55,-43454,43171,25.005000,26.999998,30,400
59429,-55,56,-43509,43227,25.020000,26.999998,30,400
59429,-61,52,-43570,43279,25.020000,26.999998,30,400
59429,-56,54,-43626,43333,24.854999,26.999998,30,400
59429,-47,56,-43673,43389,24.990001,26.999998,30,400
59429,-51,55,-43724,43444,25.049999,26.999998,30,400
59429,-62,55,-43786,43499,25.049999,26.999998,30,400
59429,-57,50,-43843,43549,24.840002,26.999998,30,400
59429,-51,49,-43894,43598,24.810001,26.999998,30,400
59429,-44,53,-43938,43651,24.944999,26.999998,30,400
59429,-42,47,-43980,43698,24.944999,26.999998,30,400
59429,-55,51,-44035,43749,24.959999,26.999998,30,400
59429,-56,52,-44091,43801,24.900001,26.999998,30,400
59429,-55,53,-44146,43854,24.869999,26.999998,30,400
59429,-52,55,-44198,43909,24.869999,26.999998,30,400
59429,-53,57,-44251,43966,24.975001,26.999998,30,400
59429,-50,49,-44301,44015,24.959999,26.999998,30,400
59429,-51,47,-44352,44062,24.900001,26.999998,30,400
59429,-52,49,-44404,44111,24.900001,26.999998,30,400
59429,-47,50,-44451,44161,24.900001,26.999998,30,400
59429,-49,62,-44500,44223,25.095001,26.999998,30,400
59429,-50,59,-44550,44282,25.230000,26.999998,30,400
59429,-59,53,-44609,44335,25.230000,26.999998,30,400
59429,-59,46,-44668,44381,24.944999,26.999998,30,400
59429,-59,46,-44727,44427,24.750000,26.999998,30,400
59429,-53,58,-44780,44485,24.825000,26.999998,30,400
59429,-51,58,-44831,44543,24.825000,26.999998,30,400
59429,-49,44,-44880,44587,24.854999,26.999998,30,400
59429,-46,42,-44926,44629,24.795001,26.999998,30,400
59429,-46,56,-44972,44685,24.944999,26.999998,30,400
59429,-52,64,-45024,44749,24.944999,26.999998,30,400
59429,-58,54,-45082,44803,25.065001,26.999998,30,400
59429,-60,53,-45142,44856,24.959999,26.999998,30,400
59429,-53,53,-45195,44909,24.959999,26.999998,30,400
59429,-53,59,-45248,44968,25.049999,26.999998,30,400
59429,-58,53,-45306,45021,24.975001,26.999998,30,400
59429,-50,53,-45356,45074,25.020000,26.999998,30,400
59429,-53,51,-45409,45125,24.990001,26.999998,30,400
59429,-60,50,-45469,45175,24.840002,26.999998,30,400
59429,-59,52,-45528,45227,24.840002,26.999998,30,400
59429,-53,56,-45581,45283,24.779999,26.999998,30,400
59429,-52,54,-45633,45337,24.810001,26.999998,30,400
59429,-49,53,-45682,45390,24.869999,26.999998,30,400
59429,-48,52,-45730,45442,24.869999,26.999998,30,400
59429,-45,51,-45775,45493,25.020000,26.999998,30,400
59429,-54,51,-45829,45544,24.975001,26.999998,30,400
59429,-49,54,-45878,45598,25.049999,26.999998,30,400
59429,-49,51,-45927,45649,25.049999,26.999998,30,400
59429,-54,52,-45981,45701,25.049999,26.999998,30,400
59429,-59,51,-46040,45752,24.930000,26.999998,30,400
59429,-54,53,-46094,45805,24.915000,26.999998,30,400
59429,-45,54,-46139,45859,24.915000,26.999998,30,400
59429,-55,54,-46194,45913,25.035000,26.999998,30,400
59429,-54,52,-46248,45965,25.005000,26.999998,30,400
59429,-64,54,-46312,46019,24.854999,26.999998,30,400
59429,-56,52,-46368,46071,24.854999,26.999998,30,400
59429,-50,55,-46418,46126,24.869999,26.999998,30,400
59429,-41,51,-46459,46177,25.020000,26.999998,30,400
59429,-49,54,-46508,46231,25.095001,26.999998,30,400
59429,-60,51,-46568,46282,25.095001,26.999998,30,400
59429,-55,45,-46623,46327,24.810001,26.999998,30,400
59429,-50,46,-46673,46373,24.750000,26.999998,30,400
59429,-39,47,-46712,46420,24.869999,26.999998,30,400
59429,-42,47,-46754,46467,24.869999,26.999998,30,400
59429,-48,48,-46802,46515,24.944999,26.999998,30,400
59429,-50,48,-46852,46563,24.915000,26.999998,30,400
59429,-46,46,-46898,46609,24.915000,26.999998,30,400
59429,-50,52,-46948,46661,24.915000,26.999998,30,400
59429,-48,52,-46996,46713,25.005000,26.999998,30,400
59429,-54,47,-47050,46760,24.900001,26.999998,30,400
59429,-52,43,-47102,46803,24.765002,26.999998,30,400
59429,-51,52,-47153,46855,24.765002,26.999998,30,400
59429,-47,46,-47200,46901,24.765002,26.999998,30,400
59429,-48,54,-47248,46955,24.854999,26.999998,30,400
59429,-48,63,-47296,47018,25.080001,26.999998,30,400
59429,-54,55,-47350,47073,25.080001,26.999998,30,400
59429,-58,50,-47408,47123,24.975001,26.999998,30,400
59429,-56,46,-47464,47169,24.825000,26.999998,30,400
59429,-54,51,-47518,47220,24.779999,26.999998,30,400
59429,-52,60,-47570,47280,24.900001,26.999998,30,400
59429,-50,51,-47620,47331,24.915000,26.999998,30,400
59429,-46,40,-47666,47371,24.825000,26.999998,30,400
59429,-46,46,-47712,47417,24.825000,26.999998,30,400
59429,-45,59,-47757,47476,25.035000,26.999998,30,400
59429,-53,57,-47810,47533,25.035000,26.999998,30,400
59429,-60,50,-47870,47583,24.944999,26.999998,30,400
59429,-58,56,-47928,47639,24.915000,26.999998,30,400
59429,-46,51,-47974,47690,24.990001,26.999998,30,400
59429,-52,52,-48026,47742,24.990001,26.999998,30,400
59429,-56,47,-48082,47789,24.854999,26.999998,30,400
59429,-48,48,-48130,47837,24.854999,26.999998,30,400
59429,-47,52,-48177,47889,24.930000,26.999998,30,400
59429,-49,48,-48226,47937,24.930000,26.999998,30,400
59429,-49,50,-48275,47987,24.930000,26.999998,30,400
59429,-51,53,-48326,48040,24.959999,26.999998,30,400
59429,-51,55,-48377,48095,25.020000,26.999998,30,400
59429,-55,50,-48432,48145,25.020000,26.999998,30,400
59429,-50,49,-48482,48194,24.930000,26.999998,30,400
59429,-47,51,-48529,48245,24.990001,26.999998,30,400
59429,-55,52,-48584,48297,24.944999,26.999998,30,400
59429,-48,52,-48632,48349,24.944999,26.999998,30,400
59429,-48,50,-48680,48399,25.035000,26.999998,30,400
59429,-52,50,-48732,48449,25.005000,26.999998,30,400
59429,-55,51,-48787,48500,24.944999,26.999998,30,400
59429,-55,49,-48842,48549,24.944999,26.999998,30,400
59429,-46,48,-48888,48597,24.884998,26.999998,30,400
59429,-48,53,-48936,48650,24.959999,26.999998,30,400
59429,-47,51,-48983,48701,25.020000,26.999998,30,400
59429,-52,53,-49035,48754,25.020000,26.999998,30,400
59429,-62,51,-49097,48805,24.869999,26.999998,30,400
59429,-53,51,-49150,48856,24.840002,26.999998,30,400
59429,-48,54,-49198,48910,24.930000,26.999998,30,400
59429,-44,52,-49242,48962,24.930000,26.999998,30,400
59429,-51,51,-49293,49013,25.049999,26.999998,30,400
59429,-56,50,-49349,49063,24.959999,26.999998,30,400
59429,-55,44,-49404,49107,24.795001,26.999998,30,400
59429,-47,46,-49451,49153,24.795001,26.999998,30,400
59429,-44,50,-49495,49203,24.869999,26.999998,30,400
59429,-48,50,-49543,49253,24.900001,26.999998,30,400
59429,-51,47,-49594,49300,24.840002,26.999998,30,400
59429,-45,49,-49639,49349,24.900001,26.999998,30,400
59429,-50,50,-49689,49399,24.900001,26.999998,30,400
59429,-50,54,-49739,49453,24.959999,26.999998,30,400
59429,-53,56,-49792,49509,25.005000,26.999998,30,400
59429,-54,47,-49846,49556,24.900001,26.999998,30,400
59429,-56,49,-49902,49605,24.900001,26.999998,30,400
59429,-50,50,-49952,49655,24.795001,26.999998,30,400
59429,-48,53,-50000,49708,24.869999,26.999998,30,400
59429,-48,61,-50048,49769,25.065001,26.999998,30,400
59429,-52,54,-50100,49823,25.065001,26.999998,30,400
59429,-60,53,-50160,49876,24.990001,26.999998,30,400
59429,-59,47,-50219,49923,24.810001,26.999998,30,400
59429,-55,44,-50274,49967,24.645000,26.999998,30,400
59429,-53,56,-50327,50023,24.645000,26.999998,30,400
59429,-48,58,-50375,50081,24.840002,26.999998,30,400
59429,-47,43,-50422,50124,24.779999,26.999998,30,400
59429,-43,39,-50465,50163,24.720000,26.999998,30,400
59429,-40,50,-50505,50213,24.720000,26.999998,30,400
59429,-46,62,-50551,50275,25.109997,26.999998,30,400
59429,-53,52,-50604,50327,25.095001,26.999998,30,400
59429,-58,51,-50662,50378,24.990001,26.999998,30,400
59429,-56,53,-50718,50431,24.990001,26.999998,30,400
59429,-49,50,-50767,50481,24.959999,26.999998,30,400
59429,-51,53,-50818,50534,24.990001,26.999998,30,400
59429,-50,47,-50868,50581,24.944999,26.999998,30,400
59429,-48,48,-50916,50629,24.944999,26.999998,30,400
59429,-46,47,-50962,50676,24.959999,26.999998,30,400
59429,-48,44,-51010,50720,24.900001,26.999998,30,400
59429,-47,49,-51057,50769,24.930000,26.999998,30,400
59429,-49,49,-51106,50818,24.930000,26.999998,30,400
59429,-50,48,-51156,50866,24.900001,26.999998,30,400
59429,-48,47,-51204,50913,24.884998,26.999998,30,400
59429,-45,47,-51249,50960,24.915000,26.999998,30,400
59429,-43,48,-51292,51008,24.915000,26.999998,30,400
59429,-48,48,-51340,51056,24.990001,26.999998,30,400
59429,-52,48,-51392,51104,24.930000,26.999998,30,400
59429,-44,50,-51436,51154,25.020000,26.999998,30,400
59429,-48,49,-51484,51203,25.020000,26.999998,30,400
59429,-50,48,-51534,51251,25.005000,26.999998,30,400
59429,-57,44,-51591,51295,24.810001,26.999998,30,400
59429,-51,49,-51642,51344,24.779999,26.999998,30,400
59429,-43,49,-51685,51393,24.869999,26.999998,30,400
59429,-50,50,-51735,51443,24.869999,26.999998,30,400
59429,-45,52,-51780,51495,24.975001,26.999998,30,400
59429,-50,52,-51830,51547,25.005000,26.999998,30,400
59429,-54,45,-51884,51592,24.869999,26.999998,30,400
59429,-48,49,-51932,51641,24.869999,26.999998,30,400
59429,-42,51,-51974,51692,25.020000,26.999998,30,400
59429,-46,51,-52020,51743,25.095001,26.999998,30,400
59429,-56,49,-52076,51792,24.990001,26.999998,30,400
59429,-58,48,-52134,51840,24.990001,26.999998,30,400
59429,-53,43,-52187,51883,24.690001,26.999998,30,400
59429,-44,45,-52231,51928,24.705001,26.999998,30,400
59429,-40,48,-52271,51976,24.825000,26.999998,30,400
59429,-46,47,-52317,52023,24.825000,26.999998,30,400
59429,-49,46,-52366,52069,24.795001,26.999998,30,400
59429,-46,48,-52412,52117,24.825000,26.999998,30,400
59429,-50,51,-52462,52168,24.840002,26.999998,30,400
59429,-48,52,-52510,52220,24.840002,26.999998,30,400
59429,-48,53,-52558,52273,24.975001,26.999998,30,400
59429,-48,49,-52606,52322,24.990001,26.999998,30,400
59429,-50,42,-52656,52364,24.869999,26.999998,30,400
59429,-53,48,-52709,52412,24.869999,26.999998,30,400
59429,-48,46,-52757,52458,24.765002,26.999998,30,400
59429,-45,55,-52802,52513,24.915000,26.999998,30,400
59429,-44,59,-52846,52572,25.139999,26.999998,30,400
59429,-53,51,-52899,52623,25.139999,26.999998,30,400
59429,-58,50,-52957,52673,24.990001,26.999998,30,400
59429,-57,42,-53014,52715,24.765002,26.999998,30,400
59429,-56,48,-53070,52763,24.645000,26.999998,30,400
59429,-54,60,-53124,52823,24.645000,26.999998,30,400
59429,-49,49,-53173,52872,24.735000,26.999998,30,400
59429,-45,39,-53218,52911,24.645000,26.999998,30,400
59429,-43,40,-53261,52951,24.599998,26.999998,30,400
59429,-41,55,-53302,53006,24.599998,26.999998,30,400
59429,-48,60,-53350,53066,24.990001,26.999998,30,400
59429,-53,47,-53403,53113,24.900001,26.999998,30,400
59429,-55,51,-53458,53164,24.731251,26.999998,30,400
59429,-46,49,-53504,53213,24.731251,26.999998,30,400
59429,-46,52,-53550,53265,24.521251,26.999998,30,400
59429,-50,49,-53600,53314,24.318750,26.999998,30,400
59429,-44,47,-53644,53361,24.198751,26.999998,30,400
59429,-38,45,-53682,53406,24.198751,26.999998,30,400
59429,-46,45,-53728,53451,23.973752,26.925749,30,400
59429,-47,42,-53775,53493,23.722503,26.784001,30,400
59429,-47,46,-53822,53539,23.531249,26.628750,30,400
59429,-50,52,-53872,53591,23.373752,26.453248,30,400
59429,-52,52,-53924,53643,23.178750,26.277751,30,400
59429,-52,52,-53976,53695,22.983750,26.102251,30,400
59429,-53,58,-54029,53753,22.859999,25.906502,30,400
59429,-50,56,-54079,53809,22.762500,25.717501,30,400
59429,-45,48,-54124,53857,22.638751,25.555503,30,400
59429,-34,43,-54158,53900,22.646251,25.410376,30,400
59429,-27,41,-54185,53941,22.755003,25.272001,30,400
59429,-31,40,-54216,53981,22.773750,25.136999,30,400
59429,-38,44,-54254,54025,22.773750,24.988501,30,400
59429,-38,40,-54292,54065,22.608751,24.853502,30,400
59429,-42,40,-54334,54105,22.421251,24.718500,30,400
59429,-45,38,-54379,54143,22.147500,24.590251,30,400
59429,-36,37,-54415,54180,22.147500,24.465375,30,400
59429,-37,35,-54452,54215,21.858752,24.347252,30,400
59429,-48,37,-54500,54252,21.513751,24.222376,30,400
59429,-41,37,-54541,54289,21.300002,24.097500,30,400
59429,-41,33,-54582,54322,21.300002,23.986127,30,400
59429,-43,37,-54625,54359,20.775000,23.861251,30,400
59429,-33,42,-54658,54401,20.786249,23.719502,30,400
59429,-30,39,-54688,54440,20.808749,23.587877,30,400
59429,-28,37,-54716,54477,20.808749,23.463001,30,400
59429,-23,36,-54739,54513,20.947500,23.341499,30,400
59429,-20,31,-54759,54544,21.037500,23.236875,30,400
59429,-25,29,-54784,54573,21.003749,23.138998,30,400
59429,-31,28,-54815,54601,20.842503,23.044502,30,400
59429,-35,24,-54850,54625,20.546251,22.963501,30,400
59429,-30,25,-54880,54650,20.358751,22.879126,30,400
59429,-30,28,-54910,54678,20.216250,22.784625,30,400
59429,-30,29,-54940,54707,20.216250,22.686751,30,400
59429,-28,32,-54968,54739,20.043750,22.578750,30,400
59429,-24,29,-54992,54768,20.028752,22.480873,30,400
59429,-21,31,-55013,54799,20.099999,22.376249,30,400
59429,-23,25,-55036,54824,20.099999,22.291874,30,400
59429,-28,26,-55064,54850,19.908750,22.204126,30,400
59429,-35,32,-55099,54882,19.732501,22.096124,30,400
59429,-36,31,-55135,54913,19.522502,21.991500,30,400
59429,-29,34,-55164,54947,19.522502,21.876750,30,400
59429,-32,35,-55196,54982,19.413753,21.758626,30,400
59429,-34,33,-55230,55015,19.271251,21.647252,30,400
59429,-33,34,-55263,55049,19.162498,21.532501,30,400
59429,-32,30,-55295,55079,19.012500,21.431250,30,400
59429,-36,28,-55331,55107,18.757502,21.336751,30,400
59429,-33,26,-55364,55133,18.528751,21.248999,30,400
59429,-30,28,-55394,55161,18.386249,21.154501,30,400
59429,-34,18,-55428,55179,18.018749,21.093750,30,400
59429,-31,16,-55459,55195,18.018749,21.039751,30,400
59429,-19,22,-55478,55217,17.651250,20.965501,30,400
59429,-18,31,-55496,55248,17.778751,20.860874,30,400
59429,-18,39,-55514,55287,18.026250,20.729250,30,400
59429,-24,35,-55538,55322,18.026250,20.611124,30,400
59429,-24,23,-55562,55345,17.996251,20.533501,30,400
59429,-25,20,-55587,55365,17.827501,20.466001,30,400
59429,-21,20,-55608,55385,17.733749,20.398500,30,400
59429,-19,22,-55627,55407,17.733749,20.324251,30,400
59429,-24,24,-55651,55431,17.617503,20.243252,30,400
59429,-22,10,-55673,55441,17.355000,20.209502,30,400
59429,-11,0,-55684,55441,17.148749,20.209502,30,400
59429,-5,0,-55689,55441,17.148749,20.209502,30,400
59429,-3,0,-55692,55441,16.998752,20.209502,30,400
59429,0,0,-55692,55441,16.998752,20.209502,30,400
59429,0,0,-55692,55441,16.998752,20.209502,30,400
59429,0,0,-55692,55441,16.998752,20.209502,30,400
59429,0,0,-55692,55441,16.998752,20.209502,30,400
59429,0,0,-55692,55441,16.998752,20.209502,30,400
59429,0,0,-55692,55441,16.998752,20.209502,30,400
59429,0,0,-55692,55441,16.998752,20.209502,30,400
59429,0,0,-55692,55441,16.998752,20.209502,30,400
59429,0,0,-55692,55441,16.998752,20.209502,30,400
59429,0,0,-55692,55441,16.998752,20.209502,30,400
59429,0,0,-55692,55441,16.998752,20.209502,30,400
59429,0,0,-55692,55441,16.998752,20.209502,30,400
59429,0,0,-55692,55441,16.998752,20.209502,30,400
59429,0,0,-55692,55441,16.998752,20.209502,30,400
59429,0,0,-55692,55441,16.998752,20.209502,30,400
59429,0,0,-55692,55441,16.998752,20.209502,30,400
59429,0,0,-55692,55441,16.998752,20.209502,30,400
59429,0,0,-55692,55441,16.998752,20.209502,30,400
59429,0,0,-55692,55441,16.998752,20.209502,30,400
59429,0,0,-55692,55441,16.998752,20.209502,30,400
59429,0,0,-55692,55441,16.998752,20.209502,30,400
59429,0,0,-55692,55441,16.998752,20.209502,30,400
59429,0,0,-55692,55441,16.998752,20.209502,30,400
59429,0,0,-55692,55441,16.998752,20.209502,30,400
59429,0,0,-55692,55441,16.998752,20.209502,30,400
59429,0,0,-55692,55441,16.998752,20.209502,30,400
59429,0,0,-55692,55441,16.998752,20.209502,30,400
59429,0,0,-55692,55441,16.998752,20.209502,30,400
59429,0,0,-55692,55441,16.998752,20.209502,30,400
59429,0,0,-55692,55441,16.998752,20.209502,30,400
59429,0,0,-55692,55441,16.998752,20.209502,30,400
59429,0,0,-55692,55441,16.998752,20.209502,30,400
59429,0,0,-55692,55441,16.998752,20.209502,30,400
59429,0,0,-55692,55441,16.998752,20.209502,30,400
59429,0,0,-55692,55441,16.998752,20.209502,30,400
59429,0,0,-55692,55441,16.998752,20.209502,30,400
59429,0,0,-55692,55441,16.998752,20.209502,30,400
59429,0,0,-55692,55441,16.998752,20.209502,30,400
59429,0,0,-55692,55441,16.998752,20.209502,30,400
59429,0,0,-55692,55441,16.998752,20.209502,30,400
59429,0,0,-55692,55441,16.998752,20.209502,30,400
59429,0,0,-55692,55441,16.998752,20.209502,30,400
