59429,1,-1,1,-1,0.000000,26.999998,30,400
59429,-31,23,-30,22,29.999998,26.999998,30,400
59429,-60,44,-90,66,29.999998,26.999998,30,400
59429,-68,55,-158,121,29.999998,26.999998,30,400
59429,-74,61,-232,182,29.624998,26.999998,30,400
59429,-78,62,-310,244,29.265002,26.999998,30,400
59429,-79,66,-389,310,28.972498,26.999998,30,400
59429,-81,66,-470,376,28.972498,26.999998,30,400
59429,-76,65,-546,441,28.387501,26.999998,30,400
59429,-78,62,-624,503,28.027501,26.999998,30,400
59429,-72,63,-696,566,27.825000,26.999998,30,400
59429,-69,60,-765,626,27.622499,26.999998,30,400
59429,-71,60,-836,686,27.375001,26.999998,30,400
59429,-72,62,-908,748,27.150000,26.999998,30,400
59429,-74,64,-982,812,26.925001,26.999998,30,400
59429,-74,64,-1056,876,26.699999,26.999998,30,400
59429,-71,60,-1127,936,26.699999,26.999998,30,400
59429,-71,62,-1198,998,26.250001,26.999998,30,400
59429,-74,64,-1272,1062,26.099999,26.999998,30,400
59429,-76,68,-1348,1130,25.980000,26.999998,30,400
59429,-74,66,-1422,1196,25.980000,26.999998,30,400
59429,-74,60,-1496,1256,25.649999,26.999998,30,400
59429,-72,59,-1568,1315,25.454999,26.999998,30,400
59429,-72,68,-1640,1383,25.395000,26.999998,30,400
59429,-73,60,-1713,1443,25.395000,26.999998,30,400
59429,-73,55,-1786,1498,24.930000,26.999998,30,400
59429,-66,65,-1852,1563,24.915000,26.999998,30,400
59429,-65,70,-1917,1633,24.990001,26.999998,30,400
59429,-66,60,-1983,1693,24.990001,26.999998,30,400
59429,-67,63,-2050,1756,24.840002,26.999998,30,400
59429,-60,60,-2110,1816,24.840002,26.999998,30,400
59429,-57,59,-2167,1875,24.869999,26.999998,30,400
59429,-58,59,-2225,1934,24.869999,26.999998,30,400
59429,-65,60,-2290,1994,24.810001,26.999998,30,400
59429,-56,56,-2346,2050,24.810001,26.999998,30,400
59429,-63,60,-2409,2110,24.765002,26.999998,30,400
59429,-61,61,-2470,2171,24.765002,26.999998,30,400
59429,-67,61,-2537,2232,24.674999,26.999998,30,400
59429,-62,60,-2599,2292,24.645000,26.999998,30,400
59429,-59,60,-2658,2352,24.659999,26.999998,30,400
59429,-58,60,-2716,2412,24.659999,26.999998,30,400
59429,-64,64,-2780,2476,24.690001,26.999998,30,400
59429,-63,62,-2843,2538,24.674999,26.999998,30,400
59429,-61,63,-2904,2601,24.705001,26.999998,30,400
59429,-58,60,-2962,2661,24.705001,26.999998,30,400
59429,-64,61,-3026,2722,24.690001,26.999998,30,400
59429,-62,62,-3088,2784,24.690001,26.999998,30,400
59429,-62,64,-3150,2848,24.720000,26.999998,30,400
59429,-65,62,-3215,2910,24.720000,26.999998,30,400
59429,-61,61,-3276,2971,24.674999,26.999998,30,400
59429,-66,65,-3342,3036,24.659999,26.999998,30,400
59429,-66,64,-3408,3100,24.630000,26.999998,30,400
59429,-63,62,-3471,3162,24.630000,26.999998,30,400
59429,-59,56,-3530,3218,24.570002,26.999998,30,400
59429,-62,55,-3592,3273,24.465002,26.999998,30,400
59429,-58,57,-3650,3330,24.450000,26.999998,30,400
59429,-62,58,-3712,3388,24.390002,26.999998,30,400
59429,-62,58,-3774,3446,24.329998,26.999998,30,400
59429,-61,60,-3835,3506,24.315001,26.999998,30,400
59429,-60,61,-3895,3567,24.329998,26.999998,30,400
59429,-57,60,-3952,3627,24.374999,26.999998,30,400
59429,-61,54,-4013,3681,24.374999,26.999998,30,400
59429,-63,59,-4076,3740,24.209998,26.999998,30,400
59429,-58,54,-4134,3794,24.150000,26.999998,30,400
59429,-61,64,-4195,3858,24.195002,26.999998,30,400
59429,-62,62,-4257,3920,24.195002,26.999998,30,400
59429,-61,56,-4318,3976,24.120001,26.999998,30,400
59429,-56,56,-4374,4032,24.120001,26.999998,30,400
59429,-61,53,-4435,4085,23.999999,26.999998,30,400
59429,-62,65,-4497,4150,23.999999,26.999998,30,400
59429,-65,61,-4562,4211,23.984999,26.999998,30,400
59429,-61,51,-4623,4262,23.835001,26.999998,30,400
59429,-61,60,-4684,4322,23.819999,26.999998,30,400
59429,-60,68,-4744,4390,23.819999,26.999998,30,400
59429,-61,58,-4805,4448,23.894999,26.999998,30,400
59429,-57,60,-4862,4508,23.940001,26.999998,30,400
59429,-55,57,-4917,4565,23.970000,26.999998,30,400
59429,-57,58,-4974,4623,23.970000,26.999998,30,400
59429,-58,55,-5032,4678,23.940001,26.999998,30,400
59429,-59,57,-5091,4735,23.909999,26.999998,30,400
59429,-55,55,-5146,4790,23.909999,26.999998,30,400
59429,-59,53,-5205,4843,23.909999,26.999998,30,400
59429,-60,59,-5265,4902,23.804999,26.999998,30,400
59429,-63,61,-5328,4963,23.775000,26.999998,30,400
59429,-58,58,-5386,5021,23.775000,26.999998,30,400
59429,-54,57,-5440,5078,23.775000,26.999998,30,400
59429,-56,59,-5496,5137,23.865003,26.999998,30,400
59429,-61,60,-5557,5197,23.850000,26.999998,30,400
59429,-63,65,-5620,5262,23.880000,26.999998,30,400
59429,-60,62,-5680,5324,23.880000,26.999998,30,400
59429,-55,60,-5735,5384,23.984999,26.999998,30,400
59429,-63,58,-5798,5442,23.909999,26.999998,30,400
59429,-62,61,-5860,5503,23.894999,26.999998,30,400
59429,-60,59,-5920,5562,23.894999,26.999998,30,400
59429,-64,61,-5984,5623,23.835001,26.999998,30,400
59429,-60,58,-6044,5681,23.804999,26.999998,30,400
59429,-62,63,-6106,5744,23.819999,26.999998,30,400
59429,-64,62,-6170,5806,23.790002,26.999998,30,400
59429,-61,61,-6231,5867,23.790002,26.999998,30,400
59429,-60,60,-6291,5927,23.790002,26.999998,30,400
59429,-60,53,-6351,5980,23.685000,26.999998,30,400
59429,-57,54,-6408,6034,23.640001,26.999998,30,400
59429,-58,56,-6466,6090,23.640001,26.999998,30,400
59429,-62,58,-6528,6148,23.550001,26.999998,30,400
59429,-59,56,-6587,6204,23.504999,26.999998,30,400
59429,-57,59,-6644,6263,23.534998,26.999998,30,400
59429,-60,60,-6704,6323,23.534998,26.999998,30,400
59429,-58,61,-6762,6384,23.580000,26.999998,30,400
59429,-60,56,-6822,6440,23.520002,26.999998,30,400
59429,-63,59,-6885,6499,23.459998,26.999998,30,400
59429,-59,57,-6944,6556,23.459998,26.999998,30,400
59429,-61,64,-7005,6620,23.475000,26.999998,30,400
59429,-63,68,-7068,6688,23.550001,26.999998,30,400
59429,-59,62,-7127,6750,23.595002,26.999998,30,400
59429,-59,57,-7186,6807,23.595002,26.999998,30,400
59429,-62,57,-7248,6864,23.490000,26.999998,30,400
59429,-66,68,-7314,6932,23.520002,26.999998,30,400
59429,-60,55,-7374,6987,23.445001,26.999998,30,400
59429,-59,47,-7433,7034,23.445001,26.999998,30,400
59429,-59,60,-7492,7094,23.280000,26.999998,30,400
59429,-57,70,-7549,7164,23.475000,26.999998,30,400
59429,-60,61,-7609,7225,23.490000,26.999998,30,400
59429,-54,63,-7663,7288,23.490000,26.999998,30,400
59429,-57,60,-7720,7348,23.670000,26.999998,30,400
59429,-58,60,-7778,7408,23.699999,26.999998,30,400
59429,-61,59,-7839,7467,23.670000,26.999998,30,400
59429,-59,61,-7898,7528,23.670000,26.999998,30,400
59429,-62,56,-7960,7584,23.609999,26.999998,30,400
59429,-60,57,-8020,7641,23.565000,26.999998,30,400
59429,-66,64,-8086,7705,23.534998,26.999998,30,400
59429,-61,61,-8147,7766,23.534998,26.999998,30,400
59429,-57,59,-8204,7825,23.565000,26.999998,30,400
59429,-58,59,-8262,7884,23.580000,26.999998,30,400
59429,-64,62,-8326,7946,23.550001,26.999998,30,400
59429,-64,66,-8390,8012,23.550001,26.999998,30,400
59429,-62,64,-8452,8076,23.609999,26.999998,30,400
59429,-57,61,-8509,8137,23.670000,26.999998,30,400
59429,-61,57,-8570,8194,23.609999,26.999998,30,400
59429,-59,58,-8629,8252,23.595002,26.999998,30,400
59429,-60,60,-8689,8312,23.595002,26.999998,30,400
59429,-65,62,-8754,8374,23.550001,26.999998,30,400
59429,-62,63,-8816,8437,23.565000,26.999998,30,400
59429,-59,62,-8875,8499,23.609999,26.999998,30,400
59429,-65,63,-8940,8562,23.609999,26.999998,30,400
59429,-62,64,-9002,8626,23.609999,26.999998,30,400
59429,-61,64,-9063,8690,23.655001,26.999998,30,400
59429,-64,62,-9127,8752,23.624999,26.999998,30,400
59429,-61,57,-9188,8809,23.624999,26.999998,30,400
59429,-62,61,-9250,8870,23.550001,26.999998,30,400
59429,-64,59,-9314,8929,23.475000,26.999998,30,400
59429,-61,60,-9375,8989,23.459998,26.999998,30,400
59429,-60,61,-9435,9050,23.459998,26.999998,30,400
59429,-61,64,-9496,9114,23.520002,26.999998,30,400
59429,-59,62,-9555,9176,23.565000,26.999998,30,400
59429,-63,56,-9618,9232,23.459998,26.999998,30,400
59429,-59,59,-9677,9291,23.459998,26.999998,30,400
59429,-59,60,-9736,9351,23.475000,26.999998,30,400
59429,-54,68,-9790,9419,23.685000,26.999998,30,400
59429,-57,65,-9847,9484,23.804999,26.999998,30,400
59429,-61,60,-9908,9544,23.804999,26.999998,30,400
59429,-61,53,-9969,9597,23.670000,26.999998,30,400
59429,-62,62,-10031,9659,23.670000,26.999998,30,400
59429,-67,66,-10098,9725,23.655001,26.999998,30,400
59429,-63,55,-10161,9780,23.655001,26.999998,30,400
59429,-62,54,-10223,9834,23.415002,26.999998,30,400
59429,-59,65,-10282,9899,23.504999,26.999998,30,400
59429,-58,66,-10340,9965,23.624999,26.999998,30,400
59429,-58,59,-10398,10024,23.624999,26.999998,30,400
59429,-52,60,-10450,10084,23.760000,26.999998,30,400
59429,-58,60,-10508,10144,23.790002,26.999998,30,400
59429,-56,58,-10564,10202,23.819999,26.999998,30,400
59429,-58,58,-10622,10260,23.819999,26.999998,30,400
59429,-54,58,-10676,10318,23.880000,26.999998,30,400
59429,-58,52,-10734,10370,23.790002,26.999998,30,400
59429,-57,58,-10791,10428,23.804999,26.999998,30,400
59429,-62,60,-10853,10488,23.804999,26.999998,30,400
59429,-56,57,-10909,10545,23.790002,26.999998,30,400
59429,-56,58,-10965,10603,23.819999,26.999998,30,400
59429,-53,58,-11018,10661,23.894999,26.999998,30,400
59429,-61,59,-11079,10720,23.894999,26.999998,30,400
59429,-57,62,-11136,10782,23.940001,26.999998,30,400
59429,-60,63,-11196,10845,23.984999,26.999998,30,400
59429,-54,62,-11250,10907,24.105001,26.999998,30,400
59429,-56,59,-11306,10966,24.150000,26.999998,30,400
59429,-62,61,-11368,11027,24.134998,26.999998,30,400
59429,-58,61,-11426,11088,24.179999,26.999998,30,400
59429,-60,63,-11486,11151,24.225001,26.999998,30,400
59429,-62,61,-11548,11212,24.209998,26.999998,30,400
59429,-58,60,-11606,11272,24.209998,26.999998,30,400
59429,-62,62,-11668,11334,24.240000,26.999998,30,400
59429,-63,62,-11731,11396,24.225001,26.999998,30,400
59429,-59,63,-11790,11459,24.284999,26.999998,30,400
59429,-58,59,-11848,11518,24.284999,26.999998,30,400
59429,-60,54,-11908,11572,24.209998,26.999998,30,400
59429,-59,56,-11967,11628,24.165000,26.999998,30,400
59429,-61,58,-12028,11686,24.120001,26.999998,30,400
59429,-61,58,-12089,11744,24.120001,26.999998,30,400
59429,-59,61,-12148,11805,24.105001,26.999998,30,400
59429,-59,63,-12207,11868,24.165000,26.999998,30,400
59429,-60,63,-12267,11931,24.209998,26.999998,30,400
59429,-58,55,-12325,11986,24.209998,26.999998,30,400
59429,-63,61,-12388,12047,24.134998,26.999998,30,400
59429,-61,59,-12449,12106,24.105001,26.999998,30,400
59429,-60,64,-12509,12170,24.165000,26.999998,30,400
59429,-61,67,-12570,12237,24.165000,26.999998,30,400
59429,-63,62,-12633,12299,24.240000,26.999998,30,400
59429,-55,55,-12688,12354,24.240000,26.999998,30,400
59429,-60,57,-12748,12411,24.195002,26.999998,30,400
59429,-60,66,-12808,12477,24.195002,26.999998,30,400
59429,-62,56,-12870,12533,24.195002,26.999998,30,400
59429,-61,51,-12931,12584,24.045000,26.999998,30,400
59429,-59,58,-12990,12642,24.030001,26.999998,30,400
59429,-59,69,-13049,12711,24.030001,26.999998,30,400
59429,-56,59,-13105,12770,24.225001,26.999998,30,400
59429,-57,62,-13162,12832,24.300001,26.999998,30,400
59429,-51,60,-13213,12892,24.435000,26.999998,30,400
59429,-55,57,-13268,12949,24.435000,26.999998,30,400
59429,-53,57,-13321,13006,24.525000,26.999998,30,400
59429,-58,58,-13379,13064,24.525000,26.999998,30,400
59429,-53,56,-13432,13120,24.570002,26.999998,30,400
59429,-56,56,-13488,13176,24.570002,26.999998,30,400
59429,-54,60,-13542,13236,24.659999,26.999998,30,400
59429,-61,61,-13603,13297,24.659999,26.999998,30,400
59429,-59,59,-13662,13356,24.659999,26.999998,30,400
59429,-58,60,-13720,13416,24.690001,26.999998,30,400
59429,-54,59,-13774,13475,24.765002,26.999998,30,400
59429,-59,62,-13833,13537,24.810001,26.999998,30,400
59429,-60,61,-13893,13598,24.825000,26.999998,30,400
59429,-60,62,-13953,13660,24.854999,26.999998,30,400
59429,-56,59,-14009,13719,24.854999,26.999998,30,400
59429,-54,57,-14063,13776,24.944999,26.999998,30,400
59429,-59,58,-14122,13834,24.930000,26.999998,30,400
59429,-57,58,-14179,13892,24.944999,26.999998,30,400
59429,-58,60,-14237,13952,24.944999,26.999998,30,400
59429,-61,58,-14298,14010,24.930000,26.999998,30,400
59429,-59,59,-14357,14069,24.930000,26.999998,30,400
59429,-57,60,-14414,14129,24.975001,26.999998,30,400
59429,-62,60,-14476,14189,24.975001,26.999998,30,400
59429,-60,60,-14536,14249,24.944999,26.999998,30,400
59429,-56,55,-14592,14304,24.930000,26.999998,30,400
59429,-58,55,-14650,14359,24.884998,26.999998,30,400
59429,-58,56,-14708,14415,24.884998,26.999998,30,400
59429,-55,56,-14763,14471,24.869999,26.999998,30,400
59429,-59,57,-14822,14528,24.840002,26.999998,30,400
59429,-59,58,-14881,14586,24.825000,26.999998,30,400
59429,-55,58,-14936,14644,24.825000,26.999998,30,400
59429,-56,60,-14992,14704,24.930000,26.999998,30,400
59429,-53,51,-15045,14755,24.900001,26.999998,30,400
59429,-55,56,-15100,14811,24.915000,26.999998,30,400
59429,-58,54,-15158,14865,24.915000,26.999998,30,400
59429,-55,59,-15213,14924,24.915000,26.999998,30,400
59429,-56,64,-15269,14988,25.035000,26.999998,30,400
59429,-60,60,-15329,15048,25.035000,26.999998,30,400
59429,-67,57,-15396,15105,25.035000,26.999998,30,400
59429,-60,51,-15456,15156,24.750000,26.999998,30,400
59429,-62,63,-15518,15219,24.765002,26.999998,30,400
59429,-61,63,-15579,15282,24.795001,26.999998,30,400
59429,-59,52,-15638,15334,24.795001,26.999998,30,400
59429,-58,53,-15696,15387,24.615001,26.999998,30,400
59429,-60,66,-15756,15453,24.705001,26.999998,30,400
59429,-56,63,-15812,15516,24.810001,26.999998,30,400
59429,-56,62,-15868,15578,24.810001,26.999998,30,400
59429,-56,60,-15924,15638,24.959999,26.999998,30,400
59429,-52,61,-15976,15699,25.095001,26.999998,30,400
59429,-56,53,-16032,15752,25.049999,26.999998,30,400
59429,-60,56,-16092,15808,25.049999,26.999998,30,400
59429,-67,56,-16159,15864,24.825000,26.999998,30,400
59429,-58,53,-16217,15917,24.750000,26.999998,30,400
59429,-59,58,-16276,15975,24.735000,26.999998,30,400
59429,-56,60,-16332,16035,24.795001,26.999998,30,400
59429,-59,57,-16391,16092,24.765002,26.999998,30,400
59429,-54,56,-16445,16148,24.795001,26.999998,30,400
59429,-55,59,-16500,16207,24.854999,26.999998,30,400
59429,-50,58,-16550,16265,24.975001,26.999998,30,400
59429,-56,61,-16606,16326,24.975001,26.999998,30,400
59429,-61,60,-16667,16386,25.035000,26.999998,30,400
59429,-67,60,-16734,16446,24.930000,26.999998,30,400
59429,-61,58,-16795,16504,24.884998,26.999998,30,400
59429,-57,60,-16852,16564,24.884998,26.999998,30,400
59429,-62,63,-16914,16627,24.944999,26.999998,30,400
59429,-57,61,-16971,16688,25.005000,26.999998,30,400
59429,-60,58,-17031,16746,24.975001,26.999998,30,400
59429,-65,61,-17096,16807,24.975001,26.999998,30,400
59429,-57,60,-17153,16867,24.959999,26.999998,30,400
59429,-59,58,-17212,16925,24.944999,26.999998,30,400
59429,-59,60,-17271,16985,24.959999,26.999998,30,400
59429,-55,59,-17326,17044,24.959999,26.999998,30,400
59429,-59,52,-17385,17096,24.915000,26.999998,30,400
59429,-63,54,-17448,17150,24.779999,26.999998,30,400
59429,-55,53,-17503,17203,24.750000,26.999998,30,400
59429,-57,55,-17560,17258,24.750000,26.999998,30,400
59429,-57,55,-17617,17313,24.690001,26.999998,30,400
59429,-56,58,-17673,17371,24.720000,26.999998,30,400
59429,-55,60,-17728,17431,24.795001,26.999998,30,400
59429,-56,61,-17784,17492,24.795001,26.999998,30,400
59429,-53,52,-17837,17544,24.854999,26.999998,30,400
59429,-55,58,-17892,17602,24.900001,26.999998,30,400
59429,-60,56,-17952,17658,24.840002,26.999998,30,400
59429,-56,65,-18008,17723,24.840002,26.999998,30,400
59429,-54,64,-18062,17787,25.125000,26.999998,30,400
59429,-65,63,-18127,17850,25.095001,26.999998,30,400
59429,-67,55,-18194,17905,24.915000,26.999998,30,400
59429,-63,60,-18257,17965,24.915000,26.999998,30,400
59429,-63,67,-18320,18032,24.930000,26.999998,30,400
59429,-60,54,-18380,18086,24.840002,26.999998,30,400
59429,-58,50,-18438,18136,24.720000,26.999998,30,400
59429,-58,62,-18496,18198,24.720000,26.999998,30,400
59429,-58,68,-18554,18266,24.930000,26.999998,30,400
59429,-55,60,-18609,18326,25.005000,26.999998,30,400
59429,-61,58,-18670,18384,24.959999,26.999998,30,400
59429,-55,58,-18725,18442,25.005000,26.999998,30,400
59429,-56,56,-18781,18498,25.005000,26.999998,30,400
59429,-61,55,-18842,18553,24.915000,26.999998,30,400
59429,-63,57,-18905,18610,24.825000,26.999998,30,400
59429,-54,54,-18959,18664,24.825000,26.999998,30,400
59429,-52,55,-19011,18719,24.825000,26.999998,30,400
59429,-58,60,-19069,18779,24.900001,26.999998,30,400
59429,-59,60,-19128,18839,24.915000,26.999998,30,400
59429,-64,60,-19192,18899,24.854999,26.999998,30,400
59429,-56,57,-19248,18956,24.854999,26.999998,30,400
59429,-51,58,-19299,19014,24.975001,26.999998,30,400
59429,-57,62,-19356,19076,25.049999,26.999998,30,400
59429,-64,59,-19420,19135,24.975001,26.999998,30,400
59429,-64,59,-19484,19194,24.975001,26.999998,30,400
59429,-58,59,-19542,19253,24.915000,26.999998,30,400
59429,-52,61,-19594,19314,25.049999,26.999998,30,400
59429,-64,61,-19658,19375,25.005000,26.999998,30,400
59429,-69,58,-19727,19433,25.005000,26.999998,30,400
59429,-65,60,-19792,19493,24.765002,26.999998,30,400
59429,-65,59,-19857,19552,24.674999,26.999998,30,400
59429,-56,62,-19913,19614,24.765002,26.999998,30,400
59429,-59,60,-19972,19674,24.765002,26.999998,30,400
59429,-60,62,-20032,19736,24.810001,26.999998,30,400
59429,-59,62,-20091,19798,24.854999,26.999998,30,400
59429,-55,54,-20146,19852,24.840002,26.999998,30,400
59429,-56,54,-20202,19906,24.840002,26.999998,30,400
59429,-56,56,-20258,19962,24.810001,26.999998,30,400
59429,-56,57,-20314,20019,24.825000,26.999998,30,400
59429,-61,60,-20375,20079,24.810001,26.999998,30,400
59429,-60,61,-20435,20140,24.810001,26.999998,30,400
59429,-57,64,-20492,20204,24.930000,26.999998,30,400
59429,-58,62,-20550,20266,24.990001,26.999998,30,400
59429,-60,55,-20610,20321,24.915000,26.999998,30,400
59429,-63,59,-20673,20380,24.915000,26.999998,30,400
59429,-63,61,-20736,20441,24.825000,26.999998,30,400
59429,-60,69,-20796,20510,24.959999,26.999998,30,400
59429,-56,66,-20852,20576,25.109997,26.999998,30,400
59429,-65,60,-20917,20636,25.109997,26.999998,30,400
59429,-63,54,-20980,20690,24.900001,26.999998,30,400
59429,-64,62,-21044,20752,24.869999,26.999998,30,400
59429,-62,66,-21106,20818,24.930000,26.999998,30,400
59429,-63,54,-21169,20872,24.930000,26.999998,30,400
59429,-57,54,-21226,20926,24.750000,26.999998,30,400
59429,-58,68,-21284,20994,24.900001,26.999998,30,400
59429,-58,64,-21342,21058,24.990001,26.999998,30,400
59429,-60,60,-21402,21118,24.990001,26.999998,30,400
59429,-68,62,-21470,21180,24.900001,26.999998,30,400
59429,-58,62,-21528,21242,24.959999,26.999998,30,400
59429,-55,59,-21583,21301,25.020000,26.999998,30,400
59429,-59,59,-21642,21360,25.020000,26.999998,30,400
59429,-66,54,-21708,21414,25.020000,26.999998,30,400
59429,-62,56,-21770,21470,24.750000,26.999998,30,400
59429,-60,60,-21830,21530,24.750000,26.999998,30,400
59429,-60,65,-21890,21595,24.825000,26.999998,30,400
59429,-62,61,-21952,21656,24.825000,26.999998,30,400
59429,-56,59,-22008,21715,24.854999,26.999998,30,400
59429,-55,60,-22063,21775,24.930000,26.999998,30,400
59429,-53,59,-22116,21834,25.020000,26.999998,30,400
59429,-62,62,-22178,21896,25.020000,26.999998,30,400
59429,-68,61,-22246,21957,24.915000,26.999998,30,400
59429,-62,59,-22308,22016,24.869999,26.999998,30,400
59429,-56,59,-22364,22075,24.915000,26.999998,30,400
59429,-58,60,-22422,22135,24.915000,26.999998,30,400
59429,-58,60,-22480,22195,24.975001,26.999998,30,400
59429,-57,62,-22537,22257,25.049999,26.999998,30,400
59429,-65,60,-22602,22317,24.975001,26.999998,30,400
59429,-64,62,-22666,22379,24.975001,26.999998,30,400
59429,-59,62,-22725,22441,24.990001,26.999998,30,400
59429,-68,63,-22793,22504,24.915000,26.999998,30,400
59429,-64,60,-22857,22564,24.854999,26.999998,30,400
59429,-55,54,-22912,22618,24.854999,26.999998,30,400
59429,-56,56,-22968,22674,24.840002,26.999998,30,400
59429,-56,58,-23024,22732,24.869999,26.999998,30,400
59429,-56,58,-23080,22790,24.900001,26.999998,30,400
59429,-57,58,-23137,22848,24.900001,26.999998,30,400
59429,-58,58,-23195,22906,24.915000,26.999998,30,400
59429,-55,61,-23250,22967,25.005000,26.999998,30,400
59429,-60,61,-23310,23028,25.020000,26.999998,30,400
59429,-63,54,-23373,23082,25.020000,26.999998,30,400
59429,-62,58,-23435,23140,24.825000,26.999998,30,400
59429,-61,59,-23496,23199,24.795001,26.999998,30,400
59429,-55,63,-23551,23262,24.915000,26.999998,30,400
59429,-53,66,-23604,23328,24.915000,26.999998,30,400
59429,-64,62,-23668,23390,25.080001,26.999998,30,400
59429,-66,56,-23734,23446,24.930000,26.999998,30,400
59429,-61,54,-23795,23500,24.825000,26.999998,30,400
59429,-61,68,-23856,23568,24.930000,26.999998,30,400
59429,-58,56,-23914,23624,24.900001,26.999998,30,400
59429,-56,46,-23970,23670,24.750000,26.999998,30,400
59429,-58,60,-24028,23730,24.779999,26.999998,30,400
59429,-57,68,-24085,23798,24.944999,26.999998,30,400
59429,-57,60,-24142,23858,24.944999,26.999998,30,400
59429,-61,62,-24203,23920,25.005000,26.999998,30,400
59429,-60,57,-24263,23977,24.959999,26.999998,30,400
59429,-56,58,-24319,24035,24.990001,26.999998,30,400
59429,-58,54,-24377,24089,24.990001,26.999998,30,400
59429,-60,56,-24437,24145,24.869999,26.999998,30,400
59429,-53,55,-24490,24200,24.900001,26.999998,30,400
59429,-52,56,-24542,24256,24.959999,26.999998,30,400
59429,-56,59,-24598,24315,24.959999,26.999998,30,400
59429,-58,59,-24656,24374,25.020000,26.999998,30,400
59429,-69,57,-24725,24431,24.840002,26.999998,30,400
59429,-61,58,-24786,24489,24.795001,26.999998,30,400
59429,-55,59,-24841,24548,24.795001,26.999998,30,400
59429,-55,62,-24896,24610,24.959999,26.999998,30,400
59429,-62,65,-24958,24675,25.005000,26.999998,30,400
59429,-64,65,-25022,24740,25.020000,26.999998,30,400
59429,-66,60,-25088,24800,25.020000,26.999998,30,400
59429,-58,59,-25146,24859,24.944999,26.999998,30,400
59429,-60,61,-25206,24920,24.959999,26.999998,30,400
59429,-58,63,-25264,24983,25.035000,26.999998,30,400
59429,-63,63,-25327,25046,25.035000,26.999998,30,400
59429,-68,59,-25395,25105,24.900001,26.999998,30,400
59429,-60,60,-25455,25165,24.900001,26.999998,30,400
59429,-62,63,-25517,25228,24.915000,26.999998,30,400
59429,-63,63,-25580,25291,24.915000,26.999998,30,400
59429,-56,62,-25636,25353,25.005000,26.999998,30,400
59429,-58,53,-25694,25406,24.930000,26.999998,30,400
59429,-61,57,-25755,25463,24.869999,26.999998,30,400
59429,-57,57,-25812,25520,24.869999,26.999998,30,400
59429,-57,60,-25869,25580,24.915000,26.999998,30,400
59429,-59,62,-25928,25642,24.959999,26.999998,30,400
59429,-60,64,-25988,25706,25.020000,26.999998,30,400
59429,-59,62,-26047,25768,25.020000,26.999998,30,400
59429,-65,60,-26112,25828,24.990001,26.999998,30,400
59429,-66,56,-26178,25884,24.840002,26.999998,30,400
59429,-65,56,-26243,25940,24.705001,26.999998,30,400
59429,-61,64,-26304,26004,24.750000,26.999998,30,400
59429,-57,68,-26361,26072,24.915000,26.999998,30,400
59429,-58,66,-26419,26138,25.035000,26.999998,30,400
59429,-63,62,-26482,26200,25.020000,26.999998,30,400
59429,-62,51,-26544,26251,24.854999,26.999998,30,400
59429,-64,64,-26608,26315,24.854999,26.999998,30,400
59429,-58,59,-26666,26374,24.869999,26.999998,30,400
59429,-59,50,-26725,26424,24.735000,26.999998,30,400
59429,-59,54,-26784,26478,24.659999,26.999998,30,400
59429,-62,68,-26846,26546,24.659999,26.999998,30,400
59429,-55,64,-26901,26610,24.884998,26.999998,30,400
59429,-56,64,-26957,26674,25.005000,26.999998,30,400
59429,-61,60,-27018,26734,24.990001,26.999998,30,400
59429,-59,58,-27077,26792,24.990001,26.999998,30,400
59429,-51,56,-27128,26848,25.049999,26.999998,30,400
59429,-33,55,-27161,26903,25.379998,26.999998,30,400
59429,-39,51,-27200,26954,25.559998,26.999998,30,400
59429,-51,49,-27251,27003,25.559998,26.999998,30,400
59429,-69,53,-27320,27056,25.290001,26.999998,30,400
59429,-80,60,-27400,27116,24.990001,26.999998,30,400
59429,-78,58,-27478,27174,24.690001,26.999998,30,400
59429,-64,62,-27542,27236,24.690001,26.999998,30,400
59429,-52,62,-27594,27298,24.810001,26.999998,30,400
59429,-46,60,-27640,27358,25.020000,26.999998,30,400
59429,-57,60,-27697,27418,25.065001,26.999998,30,400
59429,-61,59,-27758,27477,25.065001,26.999998,30,400
59429,-64,57,-27822,27534,24.930000,26.999998,30,400
59429,-57,57,-27879,27591,24.930000,26.999998,30,400
59429,-53,59,-27932,27650,25.020000,26.999998,30,400
59429,-61,61,-27993,27711,25.020000,26.999998,30,400
59429,-63,59,-28056,27770,24.959999,26.999998,30,400
59429,-61,61,-28117,27831,24.959999,26.999998,30,400
59429,-59,61,-28176,27892,24.990001,26.999998,30,400
59429,-57,62,-28233,27954,24.990001,26.999998,30,400
59429,-66,58,-28299,28012,24.944999,26.999998,30,400
59429,-65,61,-28364,28073,24.884998,26.999998,30,400
59429,-56,60,-28420,28133,24.944999,26.999998,30,400
59429,-53,51,-28473,28184,24.944999,26.999998,30,400
59429,-57,54,-28530,28238,24.869999,26.999998,30,400
59429,-52,54,-28582,28292,24.900001,26.999998,30,400
59429,-54,57,-28636,28349,24.944999,26.999998,30,400
59429,-58,59,-28694,28408,24.944999,26.999998,30,400
59429,-57,61,-28751,28469,25.020000,26.999998,30,400
59429,-58,59,-28809,28528,25.035000,26.999998,30,400
59429,-63,56,-28872,28584,24.930000,26.999998,30,400
59429,-59,54,-28931,28638,24.854999,26.999998,30,400
59429,-61,62,-28992,28700,24.869999,26.999998,30,400
59429,-64,65,-29056,28765,24.884998,26.999998,30,400
59429,-62,74,-29118,28839,25.065001,26.999998,30,400
59429,-64,68,-29182,28907,25.125000,26.999998,30,400
59429,-74,66,-29256,28973,25.125000,26.999998,30,400
59429,-71,61,-29327,29034,24.854999,26.999998,30,400
59429,-72,72,-29399,29106,24.854999,26.999998,30,400
59429,-66,64,-29465,29170,24.825000,26.999998,30,400
59429,-65,58,-29530,29228,24.825000,26.999998,30,400
59429,-64,72,-29594,29300,24.840002,26.999998,30,400
59429,-62,73,-29656,29373,25.005000,26.999998,30,400
59429,-64,67,-29720,29440,25.049999,26.999998,30,400
59429,-72,69,-29792,29509,25.049999,26.999998,30,400
59429,-68,66,-29860,29575,24.975001,26.999998,30,400
59429,-64,64,-29924,29639,24.975001,26.999998,30,400
59429,-63,64,-29987,29703,24.990001,26.999998,30,400
59429,-62,59,-30049,29762,24.990001,26.999998,30,400
59429,-65,64,-30114,29826,24.930000,26.999998,30,400
59429,-62,66,-30176,29892,24.990001,26.999998,30,400
59429,-69,65,-30245,29957,24.930000,26.999998,30,400
59429,-65,63,-30310,30020,24.930000,26.999998,30,400
59429,-60,67,-30370,30087,25.005000,26.999998,30,400
59429,-64,68,-30434,30155,25.065001,26.999998,30,400
59429,-74,70,-30508,30225,25.005000,26.999998,30,400
59429,-74,67,-30582,30292,25.005000,26.999998,30,400
59429,-68,66,-30650,30358,24.869999,26.999998,30,400
59429,-62,64,-30712,30422,24.900001,26.999998,30,400
59429,-66,66,-30778,30488,24.900001,26.999998,30,400
59429,-60,66,-30838,30554,24.900001,26.999998,30,400
59429,-67,66,-30905,30620,24.975001,26.999998,30,400
59429,-69,68,-30974,30688,24.959999,26.999998,30,400
59429,-62,66,-31036,30754,25.020000,26.999998,30,400
59429,-72,67,-31108,30821,25.020000,26.999998,30,400
59429,-68,66,-31176,30887,24.915000,26.999998,30,400
59429,-62,60,-31238,30947,24.884998,26.999998,30,400
59429,-63,61,-31301,31008,24.854999,26.999998,30,400
59429,-61,62,-31362,31070,24.854999,26.999998,30,400
59429,-60,60,-31422,31130,24.869999,26.999998,30,400
59429,-64,64,-31486,31194,24.869999,26.999998,30,400
59429,-61,65,-31547,31259,24.930000,26.999998,30,400
59429,-59,67,-31606,31326,25.049999,26.999998,30,400
59429,-67,62,-31673,31388,24.975001,26.999998,30,400
59429,-67,64,-31740,31452,24.930000,26.999998,30,400
59429,-66,64,-31806,31516,24.900001,26.999998,30,400
59429,-62,71,-31868,31587,25.035000,26.999998,30,400
59429,-66,69,-31934,31656,25.035000,26.999998,30,400
59429,-72,67,-32006,31723,25.005000,26.999998,30,400
59429,-72,59,-32078,31782,24.810001,26.999998,30,400
59429,-70,69,-32148,31851,24.795001,26.999998,30,400
59429,-65,67,-32213,31918,24.795001,26.999998,30,400
59429,-62,56,-32275,31974,24.735000,26.999998,30,400
59429,-61,61,-32336,32035,24.735000,26.999998,30,400
59429,-61,73,-32397,32108,24.915000,26.999998,30,400
59429,-57,66,-32454,32174,24.915000,26.999998,30,400
59429,-64,66,-32518,32240,25.080001,26.999998,30,400
59429,-67,64,-32585,32304,25.035000,26.999998,30,400
59429,-66,60,-32651,32364,24.944999,26.999998,30,400
59429,-66,66,-32717,32430,24.944999,26.999998,30,400
59429,-65,66,-32782,32496,24.959999,26.999998,30,400
59429,-54,59,-32836,32555,25.035000,26.999998,30,400
59429,-66,64,-32902,32619,25.005000,26.999998,30,400
59429,-70,64,-32972,32683,25.005000,26.999998,30,400
59429,-71,61,-33043,32744,24.765002,26.999998,30,400
59429,-61,62,-33104,32806,24.779999,26.999998,30,400
59429,-57,66,-33161,32872,24.915000,26.999998,30,400
59429,-59,68,-33220,32940,24.915000,26.999998,30,400
59429,-65,64,-33285,33004,25.035000,26.999998,30,400
59429,-73,66,-33358,33070,24.930000,26.999998,30,400
59429,-65,61,-33423,33131,24.869999,26.999998,30,400
59429,-60,64,-33483,33195,24.869999,26.999998,30,400
59429,-65,66,-33548,33261,24.944999,26.999998,30,400
59429,-61,66,-33609,33327,25.020000,26.999998,30,400
59429,-65,63,-33674,33390,24.990001,26.999998,30,400
59429,-74,66,-33748,33456,24.990001,26.999998,30,400
59429,-66,66,-33814,33522,24.869999,26.999998,30,400
59429,-68,66,-33882,33588,24.840002,26.999998,30,400
59429,-64,69,-33946,33657,24.915000,26.999998,30,400
59429,-60,61,-34006,33718,24.915000,26.999998,30,400
59429,-62,62,-34068,33780,24.930000,26.999998,30,400
59429,-60,60,-34128,33840,24.930000,26.999998,30,400
59429,-61,62,-34189,33902,24.944999,26.999998,30,400
59429,-61,64,-34250,33966,24.944999,26.999998,30,400
59429,-67,68,-34317,34034,25.005000,26.999998,30,400
59429,-71,66,-34388,34100,24.930000,26.999998,30,400
59429,-66,60,-34454,34160,24.840002,26.999998,30,400
59429,-62,62,-34516,34222,24.840002,26.999998,30,400
59429,-63,60,-34579,34282,24.795001,26.999998,30,400
59429,-59,70,-34638,34352,24.959999,26.999998,30,400
59429,-58,70,-34696,34422,25.139999,26.999998,30,400
59429,-68,67,-34764,34489,25.125000,26.999998,30,400
59429,-68,59,-34832,34548,25.125000,26.999998,30,400
59429,-72,65,-34904,34613,24.884998,26.999998,30,400
59429,-71,70,-34975,34683,24.869999,26.999998,30,400
59429,-67,59,-35042,34742,24.750000,26.999998,30,400
59429,-60,60,-35102,34802,24.750000,26.999998,30,400
59429,-62,72,-35164,34874,24.900001,26.999998,30,400
59429,-59,63,-35223,34937,24.959999,26.999998,30,400
59429,-58,63,-35281,35000,25.035000,26.999998,30,400
59429,-63,64,-35344,35064,25.035000,26.999998,30,400
59429,-64,62,-35408,35126,25.020000,26.999998,30,400
59429,-68,63,-35476,35189,24.944999,26.999998,30,400
59429,-70,63,-35546,35252,24.840002,26.999998,30,400
59429,-58,59,-35604,35311,24.840002,26.999998,30,400
59429,-59,63,-35663,35374,24.915000,26.999998,30,400
59429,-59,65,-35722,35439,25.005000,26.999998,30,400
59429,-68,62,-35790,35501,24.915000,26.999998,30,400
59429,-66,61,-35856,35562,24.915000,26.999998,30,400
59429,-60,65,-35916,35627,24.915000,26.999998,30,400
59429,-55,65,-35971,35692,25.065001,26.999998,30,400
59429,-66,66,-36037,35758,25.065001,26.999998,30,400
59429,-71,68,-36108,35826,25.065001,26.999998,30,400
59429,-73,66,-36181,35892,24.915000,26.999998,30,400
59429,-68,68,-36249,35960,24.915000,26.999998,30,400
59429,-67,68,-36316,36028,24.930000,26.999998,30,400
59429,-62,69,-36378,36097,24.930000,26.999998,30,400
59429,-69,67,-36447,36164,25.005000,26.999998,30,400
59429,-72,67,-36519,36231,24.930000,26.999998,30,400
59429,-69,69,-36588,36300,24.930000,26.999998,30,400
59429,-68,70,-36656,36370,24.930000,26.999998,30,400
59429,-62,68,-36718,36438,25.049999,26.999998,30,400
59429,-62,58,-36780,36496,24.990001,26.999998,30,400
59429,-71,61,-36851,36557,24.840002,26.999998,30,400
59429,-68,63,-36919,36620,24.840002,26.999998,30,400
59429,-64,65,-36983,36685,24.779999,26.999998,30,400
59429,-62,68,-37045,36753,24.869999,26.999998,30,400
59429,-58,67,-37103,36820,25.005000,26.999998,30,400
59429,-63,67,-37166,36887,25.065001,26.999998,30,400
59429,-69,63,-37235,36950,24.975001,26.999998,30,400
59429,-68,66,-37303,37016,24.944999,26.999998,30,400
59429,-65,65,-37368,37081,24.944999,26.999998,30,400
59429,-62,74,-37430,37155,25.125000,26.999998,30,400
59429,-64,68,-37494,37223,25.125000,26.999998,30,400
59429,-72,65,-37566,37288,25.080001,26.999998,30,400
59429,-70,59,-37636,37347,24.915000,26.999998,30,400
59429,-71,72,-37707,37419,24.930000,26.999998,30,400
59429,-65,63,-37772,37482,24.930000,26.999998,30,400
59429,-62,56,-37834,37538,24.810001,26.999998,30,400
59429,-62,68,-37896,37606,24.900001,26.999998,30,400
59429,-60,71,-37956,37677,25.065001,26.999998,30,400
59429,-63,65,-38019,37742,25.065001,26.999998,30,400
59429,-71,68,-38090,37810,25.049999,26.999998,30,400
59429,-66,65,-38156,37875,25.035000,26.999998,30,400
59429,-66,59,-38222,37934,24.930000,26.999998,30,400
59429,-65,66,-38287,38000,24.930000,26.999998,30,400
59429,-61,63,-38348,38063,24.975001,26.999998,30,400
59429,-56,62,-38404,38125,25.065001,26.999998,30,400
59429,-67,67,-38471,38192,25.065001,26.999998,30,400
59429,-72,65,-38543,38257,25.065001,26.999998,30,400
59429,-69,66,-38612,38323,24.915000,26.999998,30,400
59429,-62,66,-38674,38389,24.975001,26.999998,30,400
59429,-56,66,-38730,38455,25.125000,26.999998,30,400
59429,-66,67,-38796,38522,25.125000,26.999998,30,400
59429,-71,68,-38867,38590,25.095001,26.999998,30,400
59429,-71,66,-38938,38656,25.020000,26.999998,30,400
59429,-68,64,-39006,38720,24.959999,26.999998,30,400
59429,-70,68,-39076,38788,24.959999,26.999998,30,400
59429,-63,66,-39139,38854,24.975001,26.999998,30,400
59429,-61,67,-39200,38921,25.065001,26.999998,30,400
59429,-68,66,-39268,38987,25.035000,26.999998,30,400
59429,-69,67,-39337,39054,25.035000,26.999998,30,400
59429,-77,68,-39414,39122,24.869999,26.999998,30,400
59429,-71,69,-39485,39191,24.840002,26.999998,30,400
59429,-62,64,-39547,39255,24.869999,26.999998,30,400
59429,-61,61,-39608,39316,24.869999,26.999998,30,400
59429,-60,62,-39668,39378,24.900001,26.999998,30,400
59429,-60,63,-39728,39441,24.944999,26.999998,30,400
59429,-62,62,-39790,39503,24.944999,26.999998,30,400
59429,-63,66,-39853,39569,24.990001,26.999998,30,400
59429,-64,67,-39917,39636,25.035000,26.999998,30,400
59429,-70,63,-39987,39699,24.930000,26.999998,30,400
59429,-67,63,-40054,39762,24.869999,26.999998,30,400
59429,-67,60,-40121,39822,24.765002,26.999998,30,400
59429,-62,69,-40183,39891,24.869999,26.999998,30,400
59429,-58,70,-40241,39961,25.049999,26.999998,30,400
59429,-67,67,-40308,40028,25.049999,26.999998,30,400
59429,-69,58,-40377,40086,24.884998,26.999998,30,400
59429,-67,66,-40444,40152,24.884998,26.999998,30,400
59429,-64,70,-40508,40222,24.959999,26.999998,30,400
59429,-63,58,-40571,40280,24.884998,26.999998,30,400
59429,-60,58,-40631,40338,24.854999,26.999998,30,400
59429,-65,73,-40696,40411,24.854999,26.999998,30,400
59429,-60,67,-40756,40478,25.080001,26.999998,30,400
59429,-66,68,-40822,40546,25.109997,26.999998,30,400
59429,-72,66,-40894,40612,25.020000,26.999998,30,400
59429,-67,62,-40961,40674,25.020000,26.999998,30,400
59429,-63,64,-41024,40738,24.959999,26.999998,30,400
59429,-64,64,-41088,40802,24.959999,26.999998,30,400
59429,-56,60,-41144,40862,25.020000,26.999998,30,400
59429,-63,62,-41207,40924,25.020000,26.999998,30,400
59429,-68,65,-41275,40989,24.959999,26.999998,30,400
59429,-71,65,-41346,41054,24.869999,26.999998,30,400
59429,-61,64,-41407,41118,24.915000,26.999998,30,400
59429,-57,64,-41464,41182,24.915000,26.999998,30,400
59429,-61,66,-41525,41248,25.095001,26.999998,30,400
59429,-71,66,-41596,41314,25.020000,26.999998,30,400
59429,-73,68,-41669,41382,24.944999,26.999998,30,400
59429,-66,64,-41735,41446,24.944999,26.999998,30,400
59429,-61,68,-41796,41514,25.020000,26.999998,30,400
59429,-69,65,-41865,41579,24.959999,26.999998,30,400
59429,-65,67,-41930,41646,24.990001,26.999998,30,400
59429,-69,64,-41999,41710,24.990001,26.999998,30,400
59429,-67,66,-42066,41776,24.900001,26.999998,30,400
59429,-61,66,-42127,41842,24.975001,26.999998,30,400
59429,-65,67,-42192,41909,25.005000,26.999998,30,400
59429,-68,66,-42260,41975,25.005000,26.999998,30,400
59429,-65,59,-42325,42034,24.884998,26.999998,30,400
59429,-63,61,-42388,42095,24.854999,26.999998,30,400
59429,-58,61,-42446,42156,24.900001,26.999998,30,400
59429,-60,61,-42506,42217,24.900001,26.999998,30,400
59429,-60,62,-42566,42279,24.944999,26.999998,30,400
59429,-62,65,-42628,42344,24.990001,26.999998,30,400
59429,-65,67,-42693,42411,25.020000,26.999998,30,400
59429,-67,60,-42760,42471,24.915000,26.999998,30,400
59429,-66,63,-42826,42534,24.869999,26.999998,30,400
59429,-65,62,-42891,42596,24.825000,26.999998,30,400
59429,-63,70,-42954,42666,24.930000,26.999998,30,400
59429,-61,72,-43015,42738,25.095001,26.999998,30,400
59429,-69,67,-43084,42805,25.095001,26.999998,30,400
59429,-68,59,-43152,42864,24.930000,26.999998,30,400
59429,-67,68,-43219,42932,24.944999,26.999998,30,400
59429,-66,70,-43285,43002,25.005000,26.999998,30,400
59429,-69,58,-43354,43060,25.005000,26.999998,30,400
59429,-66,62,-43420,43122,24.779999,26.999998,30,400
59429,-62,73,-43482,43195,24.944999,26.999998,30,400
59429,-59,64,-43541,43259,25.020000,26.999998,30,400
59429,-65,67,-43606,43326,25.020000,26.999998,30,400
59429,-66,64,-43672,43390,25.020000,26.999998,30,400
59429,-66,62,-43738,43452,24.959999,26.999998,30,400
59429,-63,62,-43801,43514,24.944999,26.999998,30,400
59429,-62,64,-43863,43578,24.944999,26.999998,30,400
59429,-56,61,-43919,43639,25.049999,26.999998,30,400
59429,-62,63,-43981,43702,25.065001,26.999998,30,400
59429,-71,66,-44052,43768,24.990001,26.999998,30,400
59429,-76,64,-44128,43832,24.990001,26.999998,30,400
59429,-66,63,-44194,43895,24.765002,26.999998,30,400
59429,-57,67,-44251,43962,24.915000,26.999998,30,400
59429,-58,65,-44309,44027,25.020000,26.999998,30,400
59429,-68,67,-44377,44094,25.020000,26.999998,30,400
59429,-72,65,-44449,44159,24.900001,26.999998,30,400
59429,-65,65,-44514,44224,24.900001,26.999998,30,400
59429,-61,64,-44575,44288,24.944999,26.999998,30,400
59429,-64,66,-44639,44354,24.944999,26.999998,30,400
59429,-59,65,-44698,44419,25.065001,26.999998,30,400
59429,-65,62,-44763,44481,25.020000,26.999998,30,400
59429,-71,65,-44834,44546,24.930000,26.999998,30,400
59429,-65,68,-44899,44614,24.930000,26.999998,30,400
59429,-65,68,-44964,44682,25.020000,26.999998,30,400
59429,-67,65,-45031,44747,24.990001,26.999998,30,400
59429,-66,58,-45097,44805,24.869999,26.999998,30,400
59429,-65,62,-45162,44867,24.869999,26.999998,30,400
59429,-60,63,-45222,44930,24.869999,26.999998,30,400
59429,-62,64,-45284,44994,24.900001,26.999998,30,400
59429,-62,64,-45346,45058,24.930000,26.999998,30,400
59429,-61,67,-45407,45125,25.020000,26.999998,30,400
59429,-65,66,-45472,45191,25.035000,26.999998,30,400
59429,-67,61,-45539,45252,24.944999,26.999998,30,400
59429,-65,65,-45604,45317,24.944999,26.999998,30,400
59429,-65,64,-45669,45381,24.930000,26.999998,30,400
59429,-59,70,-45728,45451,24.930000,26.999998,30,400
59429,-63,68,-45791,45519,25.170001,26.999998,30,400
59429,-72,65,-45863,45584,25.065001,26.999998,30,400
59429,-68,59,-45931,45643,24.930000,26.999998,30,400
59429,-67,67,-45998,45710,24.930000,26.999998,30,400
59429,-62,66,-46060,45776,24.990001,26.999998,30,400
59429,-66,58,-46126,45834,24.869999,26.999998,30,400
59429,-65,62,-46191,45896,24.825000,26.999998,30,400
59429,-61,72,-46252,45968,24.825000,26.999998,30,400
59429,-65,67,-46317,46035,25.020000,26.999998,30,400
59429,-70,67,-46387,46102,24.975001,26.999998,30,400
59429,-61,65,-46448,46167,25.035000,26.999998,30,400
59429,-59,60,-46507,46227,25.035000,26.999998,30,400
59429,-63,61,-46570,46288,25.020000,26.999998,30,400
59429,-72,64,-46642,46352,24.900001,26.999998,30,400
59429,-60,61,-46702,46413,24.915000,26.999998,30,400
59429,-60,65,-46762,46478,24.915000,26.999998,30,400
59429,-62,65,-46824,46543,25.035000,26.999998,30,400
59429,-72,63,-46896,46606,24.900001,26.999998,30,400
59429,-60,62,-46956,46668,24.930000,26.999998,30,400
59429,-56,63,-47012,46731,24.930000,26.999998,30,400
59429,-59,65,-47071,46796,25.125000,26.999998,30,400
59429,-71,66,-47142,46862,25.049999,26.999998,30,400
59429,-70,67,-47212,46929,25.005000,26.999998,30,400
59429,-67,63,-47279,46992,25.005000,26.999998,30,400
59429,-60,66,-47339,47058,25.035000,26.999998,30,400
59429,-69,65,-47408,47123,24.975001,26.999998,30,400
59429,-65,68,-47473,47191,25.020000,26.999998,30,400
59429,-67,65,-47540,47256,25.020000,26.999998,30,400
59429,-70,67,-47610,47323,24.944999,26.999998,30,400
59429,-65,67,-47675,47390,24.975001,26.999998,30,400
59429,-65,68,-47740,47458,25.020000,26.999998,30,400
59429,-66,66,-47806,47524,25.020000,26.999998,30,400
59429,-66,60,-47872,47584,24.930000,26.999998,30,400
59429,-64,62,-47936,47646,24.900001,26.999998,30,400
59429,-59,62,-47995,47708,24.944999,26.999998,30,400
59429,-59,60,-48054,47768,24.944999,26.999998,30,400
59429,-62,64,-48116,47832,24.990001,26.999998,30,400
59429,-65,64,-48181,47896,24.975001,26.999998,30,400
59429,-63,66,-48244,47962,25.020000,26.999998,30,400
59429,-62,58,-48306,48020,24.959999,26.999998,30,400
59429,-63,64,-48369,48084,24.975001,26.999998,30,400
59429,-63,62,-48432,48146,24.959999,26.999998,30,400
59429,-58,68,-48490,48214,25.109997,26.999998,30,400
59429,-63,72,-48553,48286,25.244999,26.999998,30,400
59429,-72,68,-48625,48354,25.244999,26.999998,30,400
59429,-67,58,-48692,48412,25.049999,26.999998,30,400
59429,-71,66,-48763,48478,24.975001,26.999998,30,400
59429,-69,68,-48832,48546,24.959999,26.999998,30,400
59429,-63,58,-48895,48604,24.959999,26.999998,30,400
59429,-57,60,-48952,48664,24.930000,26.999998,30,400
59429,-62,73,-49014,48737,25.095001,26.999998,30,400
59429,-64,65,-49078,48802,25.109997,26.999998,30,400
59429,-67,66,-49145,48868,25.109997,26.999998,30,400
59429,-65,64,-49210,48932,25.080001,26.999998,30,400
59429,-61,60,-49271,48992,25.065001,26.999998,30,400
59429,-64,60,-49335,49052,25.005000,26.999998,30,400
59429,-69,64,-49404,49116,25.005000,26.999998,30,400
59429,-58,60,-49462,49176,24.959999,26.999998,30,400
59429,-57,62,-49519,49238,25.035000,26.999998,30,400
59429,-63,64,-49582,49302,25.049999,26.999998,30,400
59429,-72,63,-49654,49365,25.049999,26.999998,30,400
59429,-64,63,-49718,49428,24.900001,26.999998,30,400
59429,-59,67,-49777,49495,25.020000,26.999998,30,400
59429,-60,65,-49837,49560,25.095001,26.999998,30,400
59429,-72,66,-49909,49626,25.095001,26.999998,30,400
59429,-71,68,-49980,49694,24.959999,26.999998,30,400
59429,-64,65,-50044,49759,24.975001,26.999998,30,400
59429,-56,65,-50100,49824,25.109997,26.999998,30,400
59429,-68,65,-50168,49889,25.109997,26.999998,30,400
59429,-69,64,-50237,49953,24.990001,26.999998,30,400
59429,-72,66,-50309,50019,24.900001,26.999998,30,400
59429,-67,67,-50376,50086,24.900001,26.999998,30,400
59429,-59,66,-50435,50152,24.900001,26.999998,30,400
59429,-68,66,-50503,50218,24.975001,26.999998,30,400
59429,-65,65,-50568,50283,24.975001,26.999998,30,400
59429,-56,61,-50624,50344,25.049999,26.999998,30,400
59429,-65,60,-50689,50404,25.049999,26.999998,30,400
59429,-63,60,-50752,50464,24.930000,26.999998,30,400
59429,-61,66,-50813,50530,25.005000,26.999998,30,400
59429,-66,64,-50879,50594,24.975001,26.999998,30,400
59429,-64,65,-50943,50659,24.990001,26.999998,30,400
59429,-65,67,-51008,50726,25.020000,26.999998,30,400
59429,-68,60,-51076,50786,24.900001,26.999998,30,400
59429,-64,64,-51140,50850,24.900001,26.999998,30,400
59429,-63,60,-51203,50910,24.854999,26.999998,30,400
59429,-59,69,-51262,50979,24.854999,26.999998,30,400
59429,-64,71,-51326,51050,25.109997,26.999998,30,400
59429,-69,65,-51395,51115,25.049999,26.999998,30,400
59429,-67,59,-51462,51174,24.930000,26.999998,30,400
59429,-62,64,-51524,51238,24.930000,26.999998,30,400
59429,-63,69,-51587,51307,25.049999,26.999998,30,400
59429,-65,56,-51652,51363,24.915000,26.999998,30,400
59429,-62,55,-51714,51418,24.810001,26.999998,30,400
59429,-60,68,-51774,51486,24.810001,26.999998,30,400
59429,-59,68,-51833,51554,25.065001,26.999998,30,400
59429,-61,62,-51894,51616,25.080001,26.999998,30,400
59429,-67,64,-51961,51680,25.035000,26.999998,30,400
59429,-63,66,-52024,51746,25.035000,26.999998,30,400
59429,-66,63,-52090,51809,25.035000,26.999998,30,400
59429,-70,65,-52160,51874,24.959999,26.999998,30,400
59429,-60,61,-52220,51935,24.975001,26.999998,30,400
59429,-56,61,-52276,51996,24.975001,26.999998,30,400
59429,-64,66,-52340,52062,25.080001,26.999998,30,400
59429,-70,65,-52410,52127,25.005000,26.999998,30,400
59429,-71,63,-52481,52190,24.884998,26.999998,30,400
59429,-63,64,-52544,52254,24.884998,26.999998,30,400
59429,-56,65,-52600,52319,25.035000,26.999998,30,400
59429,-68,67,-52668,52386,25.020000,26.999998,30,400
59429,-70,66,-52738,52452,24.959999,26.999998,30,400
59429,-63,64,-52801,52516,24.959999,26.999998,30,400
59429,-53,64,-52854,52580,25.139999,26.999998,30,400
59429,-64,66,-52918,52646,25.170001,26.999998,30,400
59429,-70,62,-52988,52708,25.049999,26.999998,30,400
59429,-72,68,-53060,52776,25.049999,26.999998,30,400
59429,-76,66,-53136,52842,24.840002,26.999998,30,400
59429,-62,66,-53198,52908,24.900001,26.999998,30,400
59429,-66,68,-53264,52976,24.930000,26.999998,30,400
59429,-62,66,-53326,53042,24.930000,26.999998,30,400
59429,-62,60,-53388,53102,24.959999,26.999998,30,400
59429,-60,59,-53448,53161,24.873753,26.999998,30,400
59429,-60,62,-53508,53223,24.678751,26.999998,30,400
59429,-59,63,-53567,53286,24.678751,26.999998,30,400
59429,-59,60,-53626,53346,24.311249,26.999998,30,400
59429,-61,62,-53687,53408,24.097498,26.999998,30,400
59429,-57,63,-53744,53471,23.973749,26.858250,30,400
59429,-55,61,-53799,53532,23.857499,26.652375,30,400
59429,-56,56,-53855,53588,23.647502,26.463376,30,400
59429,-57,59,-53912,53647,23.463750,26.264251,30,400
59429,-62,61,-53974,53708,23.216250,26.058377,30,400
59429,-58,68,-54032,53776,23.148751,25.828874,30,400
59429,-58,66,-54090,53842,23.148751,25.606127,30,400
59429,-59,62,-54149,53904,22.875001,25.396876,30,400
59429,-59,56,-54208,53960,22.608751,25.207875,30,400
59429,-57,64,-54265,54024,22.500001,24.991877,30,400
59429,-59,66,-54324,54090,22.500001,24.769127,30,400
59429,-60,50,-54384,54140,22.008750,24.600377,30,400
59429,-62,47,-54446,54187,21.551254,24.441750,30,400
59429,-60,59,-54506,54246,21.311252,24.242625,30,400
59429,-54,60,-54560,54306,21.311252,24.040124,30,400
59429,-46,49,-54606,54355,21.071251,23.874750,30,400
59429,-41,51,-54647,54406,21.067499,23.702627,30,400
59429,-42,48,-54689,54454,20.999999,23.540624,30,400
59429,-42,49,-54731,54503,20.999999,23.375250,30,400
59429,-32,41,-54763,54544,20.962499,23.236875,30,400
59429,-31,44,-54794,54588,21.041249,23.088374,30,400
59429,-38,45,-54832,54633,21.011250,22.936499,30,400
59429,-36,41,-54868,54674,21.011250,22.798124,30,400
59429,-39,39,-54907,54713,20.842500,22.666499,30,400
59429,-44,45,-54951,54758,20.700002,22.514624,30,400
59429,-36,48,-54987,54806,20.834999,22.352627,30,400
59429,-35,48,-55022,54854,20.834999,22.190625,30,400
59429,-42,46,-55064,54900,20.928748,22.035376,30,400
59429,-40,46,-55104,54946,20.913750,21.880127,30,400
59429,-42,45,-55146,54991,20.823752,21.728252,30,400
59429,-48,50,-55194,55041,20.823752,21.559502,30,400
59429,-46,51,-55240,55092,20.628751,21.387375,30,400
59429,-43,49,-55283,55141,20.602498,21.222001,30,400
59429,-37,38,-55320,55179,20.486251,21.093750,30,400
59429,-33,33,-55353,55212,20.486251,20.982375,30,400
59429,-41,38,-55394,55250,20.141249,20.854125,30,400
59429,-47,32,-55441,55282,19.627500,20.746126,30,400
59429,-42,33,-55483,55315,19.267499,20.634751,30,400
59429,-44,34,-55527,55349,19.267499,20.519999,30,400
59429,-39,37,-55566,55386,18.686252,20.395126,30,400
59429,-34,38,-55600,55424,18.648750,20.266874,30,400
59429,-33,29,-55633,55453,18.434998,20.169000,30,400
59429,-43,35,-55676,55488,18.093752,20.050874,30,400
59429,-45,39,-55721,55527,17.790002,19.919251,30,400
59429,-33,35,-55754,55562,17.711249,19.801125,30,400
59429,-29,34,-55783,55596,17.714998,19.686377,30,400
59429,-25,35,-55808,55631,17.846248,19.568252,30,400
59429,-34,34,-55842,55665,17.846248,19.453502,30,400
59429,-35,35,-55877,55700,17.587501,19.335376,30,400
59429,-27,34,-55904,55734,17.643750,19.220625,30,400
59429,-19,34,-55923,55768,17.910000,19.105875,30,400
59429,-23,29,-55946,55797,17.910000,19.008001,30,400
59429,-34,29,-55980,55826,17.718750,18.910128,30,400
59429,-40,28,-56020,55854,17.298750,18.815625,30,400
59429,-30,24,-56050,55878,17.051250,18.734624,30,400
59429,-24,27,-56074,55905,17.051250,18.643500,30,400
59429,-25,25,-56099,55930,16.935000,18.559125,30,400
59429,-23,29,-56122,55959,16.983751,18.461250,30,400
59429,-22,28,-56144,55987,17.036251,18.366750,30,400
59429,-22,25,-56166,56012,17.036251,18.282375,30,400
59429,-22,26,-56188,56038,17.028748,18.194624,30,400
59429,-22,24,-56210,56062,16.991252,18.113625,30,400
59429,-30,30,-56240,56092,16.878752,18.012376,30,400
59429,-28,30,-56268,56122,16.878752,17.911126,30,400
59429,-22,29,-56290,56151,16.893751,17.813251,30,400
59429,-23,26,-56313,56177,16.874999,17.725501,30,400
59429,-26,24,-56339,56201,16.732500,17.644501,30,400
59429,-28,25,-56367,56226,16.732500,17.560126,30,400
59429,-29,24,-56396,56250,16.338751,17.479126,30,400
59429,-28,24,-56424,56274,16.143750,17.398126,30,400
59429,-27,17,-56451,56291,15.817500,17.340752,30,400
59429,-19,11,-56470,56302,15.817500,17.303626,30,400
59429,-15,8,-56485,56310,15.352500,17.276625,30,400
59429,-12,8,-56497,56318,15.217501,17.249626,30,400
59429,-11,10,-56508,56328,15.153749,17.215875,30,400
59429,-16,14,-56524,56342,15.153749,17.168625,30,400
59429,-20,18,-56544,56360,14.928749,17.107875,30,400
59429,-24,24,-56568,56384,14.838750,17.026875,30,400
59429,-22,18,-56590,56402,14.666250,16.966125,30,400
59429,-14,12,-56604,56414,14.666250,16.925624,30,400
59429,-12,13,-56616,56427,14.546252,16.881750,30,400
59429,-15,15,-56631,56442,14.490001,16.831125,30,400
59429,-19,20,-56650,56462,14.441249,16.763625,30,400
59429,-25,28,-56675,56490,14.414999,16.669126,30,400
59429,-29,32,-56704,56522,14.373750,16.561126,30,400
59429,-30,27,-56734,56549,14.193751,16.470000,30,400
59429,-21,24,-56755,56573,14.182499,16.389001,30,400
59429,-3,18,-56758,56591,14.508750,16.328250,30,400
59429,-4,15,-56762,56606,14.508750,16.277626,30,400
59429,-10,12,-56772,56618,14.748751,16.237125,30,400
59429,-14,14,-56786,56632,14.696251,16.189876,30,400
59429,-21,18,-56807,56650,14.550001,16.129123,30,400
59429,-23,14,-56830,56664,14.550001,16.081876,30,400
59429,-11,6,-56841,56670,14.107500,16.061625,30,400
59429,0,2,-56841,56672,14.152501,16.054874,30,400
59429,0,0,-56841,56672,14.152501,16.054874,30,400
59429,0,0,-56841,56672,14.152501,16.054874,30,400
59429,0,0,-56841,56672,14.152501,16.054874,30,400
59429,0,0,-56841,56672,14.152501,16.054874,30,400
59429,0,0,-56841,56672,14.152501,16.054874,30,400
59429,0,0,-56841,56672,14.152501,16.054874,30,400
59429,0,0,-56841,56672,14.152501,16.054874,30,400
59429,0,0,-56841,56672,14.152501,16.054874,30,400
59429,0,0,-56841,56672,14.152501,16.054874,30,400
59429,0,0,-56841,56672,14.152501,16.054874,30,400
59429,0,0,-56841,56672,14.152501,16.054874,30,400
59429,0,0,-56841,56672,14.152501,16.054874,30,400
59429,0,0,-56841,56672,14.152501,16.054874,30,400
59429,0,0,-56841,56672,14.152501,16.054874,30,400
59429,0,0,-56841,56672,14.152501,16.054874,30,400
59429,0,0,-56841,56672,14.152501,16.054874,30,400
59429,0,0,-56841,56672,14.152501,16.054874,30,400
59429,0,0,-56841,56672,14.152501,16.054874,30,400
59429,0,0,-56841,56672,14.152501,16.054874,30,400
59429,0,0,-56841,56672,14.152501,16.054874,30,400
59429,0,0,-56841,56672,14.152501,16.054874,30,400
59429,0,0,-56841,56672,14.152501,16.054874,30,400
59429,0,0,-56841,56672,14.152501,16.054874,30,400
59429,0,0,-56841,56672,14.152501,16.054874,30,400
59429,0,0,-56841,56672,14.152501,16.054874,30,400
59429,0,0,-56841,56672,14.152501,16.054874,30,400
59429,0,0,-56841,56672,14.152501,16.054874,30,400
59429,0,0,-56841,56672,14.152501,16.054874,30,400
59429,0,0,-56841,56672,14.152501,16.054874,30,400
59429,0,0,-56841,56672,14.152501,16.054874,30,400
59429,0,0,-56841,56672,14.152501,16.054874,30,400
59429,0,0,-56841,56672,14.152501,16.054874,30,400
59429,0,0,-56841,56672,14.152501,16.054874,30,400
59429,0,0,-56841,56672,14.152501,16.054874,30,400
59429,0,0,-56841,56672,14.152501,16.054874,30,400
59429,0,0,-56841,56672,14.152501,16.054874,30,400
59429,0,0,-56841,56672,14.152501,16.054874,30,400
59429,0,0,-56841,56672,14.152501,16.054874,30,400
59429,0,0,-56841,56672,14.152501,16.054874,30,400
59429,0,0,-56841,56672,14.152501,16.054874,30,400
59429,0,0,-56841,56672,14.152501,16.054874,30,400
59429,0,0,-56841,56672,14.152501,16.054874,30,400
59429,0,0,-56841,56672,14.152501,16.054874,30,400
59429,0,0,-56841,56672,14.152501,16.054874,30,400
59429,0,0,-56841,56672,14.152501,16.054874,30,400
59429,0,0,-56841,56672,14.152501,16.054874,30,400
