59429,0,-1,0,-1,0.000000,26.999998,30,400
59429,-22,8,-22,7,29.999998,26.999998,30,400
59429,-50,21,-72,28,29.759999,26.999998,30,400
59429,-63,40,-135,68,29.759999,26.999998,30,400
59429,-67,51,-202,119,28.882501,26.999998,30,400
59429,-72,59,-274,178,28.590000,26.999998,30,400
59429,-70,63,-344,241,28.432500,26.999998,30,400
59429,-65,65,-409,306,28.432500,26.999998,30,400
59429,-65,64,-474,370,28.409999,26.999998,30,400
59429,-68,62,-542,432,28.275001,26.999998,30,400
59429,-63,63,-605,495,28.275001,26.999998,30,400
59429,-58,59,-663,554,28.297499,26.999998,30,400
59429,-65,61,-728,615,28.207498,26.999998,30,400
59429,-64,59,-792,674,28.095000,26.999998,30,400
59429,-63,63,-855,737,28.095000,26.999998,30,400
59429,-59,61,-914,798,28.139999,26.999998,30,400
59429,-62,63,-976,861,28.139999,26.999998,30,400
59429,-68,64,-1044,925,28.072497,26.999998,30,400
59429,-61,56,-1105,981,27.959999,26.999998,30,400
59429,-65,59,-1170,1040,27.825000,26.999998,30,400
59429,-66,60,-1236,1100,27.825000,26.999998,30,400
59429,-67,60,-1303,1160,27.532501,26.999998,30,400
59429,-68,60,-1371,1220,27.352501,26.999998,30,400
59429,-65,63,-1436,1283,27.307499,26.999998,30,400
59429,-64,65,-1500,1348,27.307499,26.999998,30,400
59429,-67,58,-1567,1406,27.127502,26.999998,30,400
59429,-67,59,-1634,1465,26.947499,26.999998,30,400
59429,-66,61,-1700,1526,26.835000,26.999998,30,400
59429,-69,66,-1769,1592,26.835000,26.999998,30,400
59429,-70,70,-1839,1662,26.767498,26.999998,30,400
59429,-67,64,-1906,1726,26.699999,26.999998,30,400
59429,-65,59,-1971,1785,26.565000,26.999998,30,400
59429,-71,61,-2042,1846,26.565000,26.999998,30,400
59429,-70,70,-2112,1916,26.340001,26.999998,30,400
59429,-69,57,-2181,1973,26.130001,26.999998,30,400
59429,-71,55,-2252,2028,25.890003,26.999998,30,400
59429,-68,65,-2320,2093,25.890003,26.999998,30,400
59429,-70,68,-2390,2161,25.815002,26.999998,30,400
59429,-70,63,-2460,2224,25.710000,26.999998,30,400
59429,-75,66,-2535,2290,25.575001,26.999998,30,400
59429,-73,64,-2608,2354,25.575001,26.999998,30,400
59429,-70,63,-2678,2417,25.334999,26.999998,30,400
59429,-70,65,-2748,2482,25.259999,26.999998,30,400
59429,-67,60,-2815,2542,25.154999,26.999998,30,400
59429,-65,58,-2880,2600,25.154999,26.999998,30,400
59429,-64,64,-2944,2664,25.049999,26.999998,30,400
59429,-68,61,-3012,2725,24.944999,26.999998,30,400
59429,-59,60,-3071,2785,24.959999,26.999998,30,400
59429,-56,59,-3127,2844,24.959999,26.999998,30,400
59429,-62,57,-3189,2901,24.930000,26.999998,30,400
59429,-65,64,-3254,2965,24.915000,26.999998,30,400
59429,-63,64,-3317,3029,24.930000,26.999998,30,400
59429,-59,61,-3376,3090,24.930000,26.999998,30,400
59429,-56,59,-3432,3149,25.005000,26.999998,30,400
59429,-65,60,-3497,3209,24.930000,26.999998,30,400
59429,-67,63,-3564,3272,24.869999,26.999998,30,400
59429,-61,60,-3625,3332,24.854999,26.999998,30,400
59429,-57,61,-3682,3393,24.915000,26.999998,30,400
59429,-56,57,-3738,3450,24.930000,26.999998,30,400
59429,-60,63,-3798,3513,24.975001,26.999998,30,400
59429,-58,60,-3856,3573,25.005000,26.999998,30,400
59429,-66,61,-3922,3634,25.005000,26.999998,30,400
59429,-64,61,-3986,3695,24.884998,26.999998,30,400
59429,-56,53,-4042,3748,24.840002,26.999998,30,400
59429,-60,58,-4102,3806,24.810001,26.999998,30,400
59429,-61,58,-4163,3864,24.810001,26.999998,30,400
59429,-57,57,-4220,3921,24.765002,26.999998,30,400
59429,-58,59,-4278,3980,24.779999,26.999998,30,400
59429,-58,59,-4336,4039,24.795001,26.999998,30,400
59429,-56,62,-4392,4101,24.795001,26.999998,30,400
59429,-63,59,-4455,4160,24.825000,26.999998,30,400
59429,-61,57,-4516,4217,24.765002,26.999998,30,400
59429,-60,59,-4576,4276,24.750000,26.999998,30,400
59429,-57,58,-4633,4334,24.750000,26.999998,30,400
59429,-61,69,-4694,4403,24.884998,26.999998,30,400
59429,-62,65,-4756,4468,24.930000,26.999998,30,400
59429,-62,61,-4818,4529,24.915000,26.999998,30,400
59429,-55,55,-4873,4584,24.915000,26.999998,30,400
59429,-61,63,-4934,4647,24.944999,26.999998,30,400
59429,-62,64,-4996,4711,24.975001,26.999998,30,400
59429,-51,49,-5047,4760,24.944999,26.999998,30,400
59429,-47,48,-5094,4808,24.944999,26.999998,30,400
59429,-56,62,-5150,4870,25.049999,26.999998,30,400
59429,-65,52,-5215,4922,24.854999,26.999998,30,400
59429,-63,58,-5278,4980,24.779999,26.999998,30,400
59429,-64,72,-5342,5052,24.779999,26.999998,30,400
59429,-62,64,-5404,5116,24.930000,26.999998,30,400
59429,-58,60,-5462,5176,24.959999,26.999998,30,400
59429,-57,60,-5519,5236,25.005000,26.999998,30,400
59429,-66,60,-5585,5296,25.005000,26.999998,30,400
59429,-56,55,-5641,5351,24.900001,26.999998,30,400
59429,-59,62,-5700,5413,24.944999,26.999998,30,400
59429,-60,63,-5760,5476,24.990001,26.999998,30,400
59429,-62,60,-5822,5536,24.990001,26.999998,30,400
59429,-62,61,-5884,5597,24.944999,26.999998,30,400
59429,-59,63,-5943,5660,25.005000,26.999998,30,400
59429,-64,62,-6007,5722,24.975001,26.999998,30,400
59429,-62,66,-6069,5788,25.035000,26.999998,30,400
59429,-61,63,-6130,5851,25.035000,26.999998,30,400
59429,-65,60,-6195,5911,24.990001,26.999998,30,400
59429,-68,61,-6263,5972,24.884998,26.999998,30,400
59429,-66,64,-6329,6036,24.854999,26.999998,30,400
59429,-59,63,-6388,6099,24.854999,26.999998,30,400
59429,-53,63,-6441,6162,25.065001,26.999998,30,400
59429,-56,57,-6497,6219,25.080001,26.999998,30,400
59429,-69,62,-6566,6281,24.975001,26.999998,30,400
59429,-62,60,-6628,6341,24.975001,26.999998,30,400
59429,-65,64,-6693,6405,24.930000,26.999998,30,400
59429,-60,64,-6753,6469,24.990001,26.999998,30,400
59429,-58,55,-6811,6524,24.944999,26.999998,30,400
59429,-65,58,-6876,6582,24.944999,26.999998,30,400
59429,-63,58,-6939,6640,24.765002,26.999998,30,400
59429,-55,59,-6994,6699,24.825000,26.999998,30,400
59429,-58,59,-7052,6758,24.840002,26.999998,30,400
59429,-60,60,-7112,6818,24.840002,26.999998,30,400
59429,-58,62,-7170,6880,24.900001,26.999998,30,400
59429,-60,58,-7230,6938,24.869999,26.999998,30,400
59429,-60,56,-7290,6994,24.810001,26.999998,30,400
59429,-56,58,-7346,7052,24.810001,26.999998,30,400
59429,-59,60,-7405,7112,24.854999,26.999998,30,400
59429,-60,67,-7465,7179,24.959999,26.999998,30,400
59429,-60,63,-7525,7242,25.005000,26.999998,30,400
59429,-64,60,-7589,7302,25.005000,26.999998,30,400
59429,-61,54,-7650,7356,24.840002,26.999998,30,400
59429,-58,63,-7708,7419,24.915000,26.999998,30,400
59429,-60,65,-7768,7484,24.990001,26.999998,30,400
59429,-60,51,-7828,7535,24.990001,26.999998,30,400
59429,-55,53,-7883,7588,24.825000,26.999998,30,400
59429,-59,57,-7942,7645,24.795001,26.999998,30,400
59429,-60,54,-8002,7699,24.705001,26.999998,30,400
59429,-60,63,-8062,7762,24.705001,26.999998,30,400
59429,-60,66,-8122,7828,24.840002,26.999998,30,400
59429,-60,62,-8182,7890,24.869999,26.999998,30,400
59429,-60,60,-8242,7950,24.869999,26.999998,30,400
59429,-57,58,-8299,8008,24.869999,26.999998,30,400
59429,-57,57,-8356,8065,24.884998,26.999998,30,400
59429,-50,54,-8406,8119,24.944999,26.999998,30,400
59429,-52,56,-8458,8175,25.005000,26.999998,30,400
59429,-57,59,-8515,8234,25.005000,26.999998,30,400
59429,-67,56,-8582,8290,24.869999,26.999998,30,400
59429,-60,58,-8642,8348,24.840002,26.999998,30,400
59429,-60,60,-8702,8408,24.840002,26.999998,30,400
59429,-58,59,-8760,8467,24.854999,26.999998,30,400
59429,-62,63,-8822,8530,24.869999,26.999998,30,400
59429,-58,64,-8880,8594,24.959999,26.999998,30,400
59429,-57,63,-8937,8657,25.049999,26.999998,30,400
59429,-60,59,-8997,8716,25.035000,26.999998,30,400
59429,-71,63,-9068,8779,25.035000,26.999998,30,400
59429,-68,62,-9136,8841,24.825000,26.999998,30,400
59429,-59,65,-9195,8906,24.915000,26.999998,30,400
59429,-56,62,-9251,8968,25.005000,26.999998,30,400
59429,-65,62,-9316,9030,25.005000,26.999998,30,400
59429,-64,63,-9380,9093,24.944999,26.999998,30,400
59429,-60,63,-9440,9156,24.990001,26.999998,30,400
59429,-68,63,-9508,9219,24.915000,26.999998,30,400
59429,-60,57,-9568,9276,24.915000,26.999998,30,400
59429,-57,54,-9625,9330,24.825000,26.999998,30,400
59429,-59,60,-9684,9390,24.840002,26.999998,30,400
59429,-54,58,-9738,9448,24.900001,26.999998,30,400
59429,-53,56,-9791,9504,24.900001,26.999998,30,400
59429,-57,58,-9848,9562,24.959999,26.999998,30,400
59429,-55,59,-9903,9621,25.020000,26.999998,30,400
59429,-64,62,-9967,9683,24.990001,26.999998,30,400
59429,-68,54,-10035,9737,24.990001,26.999998,30,400
59429,-64,61,-10099,9798,24.735000,26.999998,30,400
59429,-60,58,-10159,9856,24.705001,26.999998,30,400
59429,-61,65,-10220,9921,24.765002,26.999998,30,400
59429,-58,70,-10278,9991,24.765002,26.999998,30,400
59429,-58,62,-10336,10053,25.005000,26.999998,30,400
59429,-63,56,-10399,10109,24.900001,26.999998,30,400
59429,-63,61,-10462,10170,24.869999,26.999998,30,400
59429,-60,67,-10522,10237,24.869999,26.999998,30,400
59429,-60,53,-10582,10290,24.869999,26.999998,30,400
59429,-51,51,-10633,10341,24.869999,26.999998,30,400
59429,-55,62,-10688,10403,24.975001,26.999998,30,400
59429,-59,54,-10747,10457,24.975001,26.999998,30,400
59429,-60,57,-10807,10514,24.854999,26.999998,30,400
59429,-63,68,-10870,10582,24.930000,26.999998,30,400
59429,-59,62,-10929,10644,24.975001,26.999998,30,400
59429,-59,62,-10988,10706,24.975001,26.999998,30,400
59429,-63,58,-11051,10764,24.944999,26.999998,30,400
59429,-63,60,-11114,10824,24.900001,26.999998,30,400
59429,-57,57,-11171,10881,24.900001,26.999998,30,400
59429,-53,57,-11224,10938,24.959999,26.999998,30,400
59429,-55,62,-11279,11000,24.959999,26.999998,30,400
59429,-64,60,-11343,11060,25.005000,26.999998,30,400
59429,-62,57,-11405,11117,24.930000,26.999998,30,400
59429,-65,59,-11470,11176,24.840002,26.999998,30,400
59429,-59,61,-11529,11237,24.840002,26.999998,30,400
59429,-62,62,-11591,11299,24.869999,26.999998,30,400
59429,-59,62,-11650,11361,24.915000,26.999998,30,400
59429,-56,59,-11706,11420,24.959999,26.999998,30,400
59429,-53,57,-11759,11477,24.959999,26.999998,30,400
59429,-64,59,-11823,11536,24.944999,26.999998,30,400
59429,-61,60,-11884,11596,24.930000,26.999998,30,400
59429,-60,61,-11944,11657,24.944999,26.999998,30,400
59429,-53,60,-11997,11717,24.944999,26.999998,30,400
59429,-63,59,-12060,11776,24.990001,26.999998,30,400
59429,-69,62,-12129,11838,24.884998,26.999998,30,400
59429,-63,63,-12192,11901,24.884998,26.999998,30,400
59429,-62,64,-12254,11965,24.884998,26.999998,30,400
59429,-57,60,-12311,12025,24.959999,26.999998,30,400
59429,-53,53,-12364,12078,24.959999,26.999998,30,400
59429,-60,59,-12424,12137,24.944999,26.999998,30,400
59429,-60,60,-12484,12197,24.944999,26.999998,30,400
59429,-58,60,-12542,12257,24.975001,26.999998,30,400
59429,-56,59,-12598,12316,25.020000,26.999998,30,400
59429,-65,59,-12663,12375,24.930000,26.999998,30,400
59429,-64,65,-12727,12440,24.930000,26.999998,30,400
59429,-56,56,-12783,12496,24.944999,26.999998,30,400
59429,-49,50,-12832,12546,24.959999,26.999998,30,400
59429,-52,54,-12884,12600,24.990001,26.999998,30,400
59429,-61,59,-12945,12659,24.990001,26.999998,30,400
59429,-66,70,-13011,12729,25.020000,26.999998,30,400
59429,-63,63,-13074,12792,25.020000,26.999998,30,400
59429,-68,60,-13142,12852,24.900001,26.999998,30,400
59429,-60,53,-13202,12905,24.900001,26.999998,30,400
59429,-55,64,-13257,12969,24.930000,26.999998,30,400
59429,-58,63,-13315,13032,25.005000,26.999998,30,400
59429,-58,50,-13373,13082,24.884998,26.999998,30,400
59429,-55,52,-13428,13134,24.884998,26.999998,30,400
59429,-56,58,-13484,13192,24.869999,26.999998,30,400
59429,-60,55,-13544,13247,24.795001,26.999998,30,400
59429,-62,64,-13606,13311,24.825000,26.999998,30,400
59429,-60,65,-13666,13376,24.900001,26.999998,30,400
59429,-60,63,-13726,13439,24.944999,26.999998,30,400
59429,-57,59,-13783,13498,24.975001,26.999998,30,400
59429,-55,56,-13838,13554,24.990001,26.999998,30,400
59429,-62,56,-13900,13610,24.900001,26.999998,30,400
59429,-56,51,-13956,13661,24.900001,26.999998,30,400
59429,-52,57,-14008,13718,24.900001,26.999998,30,400
59429,-50,58,-14058,13776,25.020000,26.999998,30,400
59429,-60,54,-14118,13830,24.930000,26.999998,30,400
59429,-55,54,-14173,13884,24.930000,26.999998,30,400
59429,-57,56,-14230,13940,24.900001,26.999998,30,400
59429,-54,56,-14284,13996,24.930000,26.999998,30,400
59429,-58,61,-14342,14057,24.975001,26.999998,30,400
59429,-60,61,-14402,14118,24.975001,26.999998,30,400
59429,-62,60,-14464,14178,24.959999,26.999998,30,400
59429,-54,56,-14518,14234,24.990001,26.999998,30,400
59429,-61,57,-14579,14291,24.930000,26.999998,30,400
59429,-60,61,-14639,14352,24.930000,26.999998,30,400
59429,-59,61,-14698,14413,24.975001,26.999998,30,400
59429,-58,62,-14756,14475,25.035000,26.999998,30,400
59429,-58,57,-14814,14532,25.020000,26.999998,30,400
59429,-67,62,-14881,14594,25.020000,26.999998,30,400
59429,-60,62,-14941,14656,24.975001,26.999998,30,400
59429,-59,62,-15000,14718,25.020000,26.999998,30,400
59429,-63,61,-15063,14779,24.990001,26.999998,30,400
59429,-60,55,-15123,14834,24.990001,26.999998,30,400
59429,-63,58,-15186,14892,24.840002,26.999998,30,400
59429,-60,59,-15246,14951,24.825000,26.999998,30,400
59429,-56,56,-15302,15007,24.825000,26.999998,30,400
59429,-54,56,-15356,15063,24.825000,26.999998,30,400
59429,-57,58,-15413,15121,24.869999,26.999998,30,400
59429,-57,61,-15470,15182,24.930000,26.999998,30,400
59429,-58,59,-15528,15241,24.944999,26.999998,30,400
59429,-56,53,-15584,15294,24.944999,26.999998,30,400
59429,-58,59,-15642,15353,24.915000,26.999998,30,400
59429,-58,60,-15700,15413,24.944999,26.999998,30,400
59429,-58,65,-15758,15478,25.049999,26.999998,30,400
59429,-62,66,-15820,15544,25.049999,26.999998,30,400
59429,-69,62,-15889,15606,25.005000,26.999998,30,400
59429,-64,52,-15953,15658,24.825000,26.999998,30,400
59429,-63,61,-16016,15719,24.795001,26.999998,30,400
59429,-59,66,-16075,15785,24.795001,26.999998,30,400
59429,-57,51,-16132,15836,24.810001,26.999998,30,400
59429,-48,50,-16180,15886,24.840002,26.999998,30,400
59429,-52,60,-16232,15946,24.959999,26.999998,30,400
59429,-58,54,-16290,16000,24.900001,26.999998,30,400
59429,-58,57,-16348,16057,24.884998,26.999998,30,400
59429,-60,66,-16408,16123,24.975001,26.999998,30,400
59429,-58,63,-16466,16186,25.049999,26.999998,30,400
59429,-62,60,-16528,16246,25.020000,26.999998,30,400
59429,-68,58,-16596,16304,25.020000,26.999998,30,400
59429,-66,62,-16662,16366,24.810001,26.999998,30,400
59429,-59,60,-16721,16426,24.825000,26.999998,30,400
59429,-56,60,-16777,16486,24.884998,26.999998,30,400
59429,-56,64,-16833,16550,24.884998,26.999998,30,400
59429,-67,62,-16900,16612,24.930000,26.999998,30,400
59429,-62,63,-16962,16675,24.944999,26.999998,30,400
59429,-65,67,-17027,16742,24.975001,26.999998,30,400
59429,-63,68,-17090,16810,24.975001,26.999998,30,400
59429,-72,68,-17162,16878,24.990001,26.999998,30,400
59429,-73,69,-17235,16947,24.930000,26.999998,30,400
59429,-64,67,-17299,17014,24.975001,26.999998,30,400
59429,-65,68,-17364,17082,24.975001,26.999998,30,400
59429,-68,66,-17432,17148,24.990001,26.999998,30,400
59429,-72,66,-17504,17214,24.900001,26.999998,30,400
59429,-66,66,-17570,17280,24.900001,26.999998,30,400
59429,-64,68,-17634,17348,24.900001,26.999998,30,400
59429,-62,67,-17696,17415,25.035000,26.999998,30,400
59429,-67,67,-17763,17482,25.035000,26.999998,30,400
59429,-73,66,-17836,17548,24.930000,26.999998,30,400
59429,-64,60,-17900,17608,24.930000,26.999998,30,400
59429,-66,64,-17966,17672,24.840002,26.999998,30,400
59429,-63,63,-18029,17735,24.840002,26.999998,30,400
59429,-62,65,-18091,17800,24.884998,26.999998,30,400
59429,-61,66,-18152,17866,24.884998,26.999998,30,400
59429,-62,65,-18214,17931,25.005000,26.999998,30,400
59429,-68,67,-18282,17998,24.990001,26.999998,30,400
59429,-72,62,-18354,18060,24.840002,26.999998,30,400
59429,-71,66,-18425,18126,24.840002,26.999998,30,400
59429,-63,63,-18488,18189,24.765002,26.999998,30,400
59429,-64,73,-18552,18262,24.900001,26.999998,30,400
59429,-63,70,-18615,18332,25.005000,26.999998,30,400
59429,-66,63,-18681,18395,25.005000,26.999998,30,400
59429,-64,59,-18745,18454,24.884998,26.999998,30,400
59429,-63,68,-18808,18522,24.959999,26.999998,30,400
59429,-62,63,-18870,18585,24.975001,26.999998,30,400
59429,-60,54,-18930,18639,24.884998,26.999998,30,400
59429,-58,63,-18988,18702,24.959999,26.999998,30,400
59429,-61,60,-19049,18762,24.944999,26.999998,30,400
59429,-63,62,-19112,18824,24.930000,26.999998,30,400
59429,-66,72,-19178,18896,25.020000,26.999998,30,400
59429,-68,67,-19246,18963,25.020000,26.999998,30,400
59429,-72,67,-19318,19030,24.930000,26.999998,30,400
59429,-68,66,-19386,19096,24.900001,26.999998,30,400
59429,-63,66,-19449,19162,24.944999,26.999998,30,400
59429,-58,60,-19507,19222,24.944999,26.999998,30,400
59429,-56,64,-19563,19286,25.095001,26.999998,30,400
59429,-63,62,-19626,19348,25.080001,26.999998,30,400
59429,-70,63,-19696,19411,24.975001,26.999998,30,400
59429,-64,62,-19760,19473,24.975001,26.999998,30,400
59429,-60,64,-19820,19537,25.005000,26.999998,30,400
59429,-68,66,-19888,19603,24.975001,26.999998,30,400
59429,-68,67,-19956,19670,24.959999,26.999998,30,400
59429,-62,68,-20018,19738,24.959999,26.999998,30,400
59429,-61,62,-20079,19800,25.065001,26.999998,30,400
59429,-72,66,-20151,19866,24.975001,26.999998,30,400
59429,-71,67,-20222,19933,24.915000,26.999998,30,400
59429,-62,67,-20284,20000,24.915000,26.999998,30,400
59429,-66,67,-20350,20067,25.005000,26.999998,30,400
59429,-76,69,-20426,20136,24.900001,26.999998,30,400
59429,-67,68,-20493,20204,24.915000,26.999998,30,400
59429,-66,70,-20559,20274,24.915000,26.999998,30,400
59429,-63,64,-20622,20338,24.990001,26.999998,30,400
59429,-64,60,-20686,20398,24.930000,26.999998,30,400
59429,-69,60,-20755,20458,24.795001,26.999998,30,400
59429,-62,64,-20817,20522,24.795001,26.999998,30,400
59429,-59,64,-20876,20586,24.900001,26.999998,30,400
59429,-59,63,-20935,20649,24.959999,26.999998,30,400
59429,-63,66,-20998,20715,25.005000,26.999998,30,400
59429,-67,65,-21065,20780,25.005000,26.999998,30,400
59429,-67,61,-21132,20841,24.884998,26.999998,30,400
59429,-64,64,-21196,20905,24.884998,26.999998,30,400
59429,-62,64,-21258,20969,24.915000,26.999998,30,400
59429,-62,72,-21320,21041,24.915000,26.999998,30,400
59429,-66,68,-21386,21109,25.095001,26.999998,30,400
59429,-72,65,-21458,21174,24.990001,26.999998,30,400
59429,-71,62,-21529,21236,24.854999,26.999998,30,400
59429,-69,72,-21598,21308,24.854999,26.999998,30,400
59429,-65,63,-21663,21371,24.869999,26.999998,30,400
59429,-58,57,-21721,21428,24.854999,26.999998,30,400
59429,-61,65,-21782,21493,24.915000,26.999998,30,400
59429,-64,59,-21846,21552,24.840002,26.999998,30,400
59429,-64,66,-21910,21618,24.869999,26.999998,30,400
59429,-64,74,-21974,21692,25.020000,26.999998,30,400
59429,-67,68,-22041,21760,25.035000,26.999998,30,400
59429,-72,62,-22113,21822,24.884998,26.999998,30,400
59429,-69,66,-22182,21888,24.884998,26.999998,30,400
59429,-60,63,-22242,21951,24.884998,26.999998,30,400
59429,-57,61,-22299,22012,24.944999,26.999998,30,400
59429,-55,62,-22354,22074,25.049999,26.999998,30,400
59429,-65,65,-22419,22139,25.049999,26.999998,30,400
59429,-68,63,-22487,22202,24.975001,26.999998,30,400
59429,-68,65,-22555,22267,24.930000,26.999998,30,400
59429,-65,68,-22620,22335,24.975001,26.999998,30,400
59429,-69,69,-22689,22404,24.975001,26.999998,30,400
59429,-64,69,-22753,22473,25.049999,26.999998,30,400
59429,-65,67,-22818,22540,25.080001,26.999998,30,400
59429,-70,64,-22888,22604,24.990001,26.999998,30,400
59429,-76,70,-22964,22674,24.990001,26.999998,30,400
59429,-72,70,-23036,22744,24.869999,26.999998,30,400
59429,-63,69,-23099,22813,24.959999,26.999998,30,400
59429,-65,66,-23164,22879,24.975001,26.999998,30,400
59429,-65,67,-23229,22946,24.975001,26.999998,30,400
59429,-65,65,-23294,23011,25.005000,26.999998,30,400
59429,-75,68,-23369,23079,24.900001,26.999998,30,400
59429,-71,65,-23440,23144,24.810001,26.999998,30,400
59429,-64,64,-23504,23208,24.810001,26.999998,30,400
59429,-59,63,-23563,23271,24.869999,26.999998,30,400
59429,-61,63,-23624,23334,24.900001,26.999998,30,400
59429,-60,62,-23684,23396,24.930000,26.999998,30,400
59429,-63,66,-23747,23462,24.930000,26.999998,30,400
59429,-65,71,-23812,23533,25.065001,26.999998,30,400
59429,-70,63,-23882,23596,24.959999,26.999998,30,400
59429,-69,66,-23951,23662,24.915000,26.999998,30,400
59429,-66,66,-24017,23728,24.915000,26.999998,30,400
59429,-66,73,-24083,23801,25.020000,26.999998,30,400
59429,-68,71,-24151,23872,25.065001,26.999998,30,400
59429,-74,68,-24225,23940,24.975001,26.999998,30,400
59429,-67,64,-24292,24004,24.975001,26.999998,30,400
59429,-63,72,-24355,24076,25.065001,26.999998,30,400
59429,-69,65,-24424,24141,25.005000,26.999998,30,400
59429,-73,58,-24497,24199,24.779999,26.999998,30,400
59429,-70,69,-24567,24268,24.765002,26.999998,30,400
59429,-62,62,-24629,24330,24.765002,26.999998,30,400
59429,-65,69,-24694,24399,24.825000,26.999998,30,400
59429,-65,72,-24759,24471,24.930000,26.999998,30,400
59429,-65,71,-24824,24542,25.020000,26.999998,30,400
59429,-68,69,-24892,24611,25.020000,26.999998,30,400
59429,-72,65,-24964,24676,24.930000,26.999998,30,400
59429,-66,64,-25030,24740,24.900001,26.999998,30,400
59429,-61,66,-25091,24806,24.975001,26.999998,30,400
59429,-59,66,-25150,24872,24.975001,26.999998,30,400
59429,-68,64,-25218,24936,25.020000,26.999998,30,400
59429,-67,64,-25285,25000,24.975001,26.999998,30,400
59429,-70,66,-25355,25066,24.915000,26.999998,30,400
59429,-65,67,-25420,25133,24.915000,26.999998,30,400
59429,-68,70,-25488,25203,24.975001,26.999998,30,400
59429,-62,67,-25550,25270,25.049999,26.999998,30,400
59429,-62,63,-25612,25333,25.065001,26.999998,30,400
59429,-74,65,-25686,25398,25.065001,26.999998,30,400
59429,-68,68,-25754,25466,24.930000,26.999998,30,400
59429,-64,68,-25818,25534,24.990001,26.999998,30,400
59429,-66,67,-25884,25601,25.005000,26.999998,30,400
59429,-73,68,-25957,25669,25.005000,26.999998,30,400
59429,-69,69,-26026,25738,24.930000,26.999998,30,400
59429,-66,70,-26092,25808,24.990001,26.999998,30,400
59429,-72,67,-26164,25875,24.915000,26.999998,30,400
59429,-70,63,-26234,25938,24.915000,26.999998,30,400
59429,-64,65,-26298,26003,24.825000,26.999998,30,400
59429,-60,64,-26358,26067,24.884998,26.999998,30,400
59429,-62,65,-26420,26132,24.930000,26.999998,30,400
59429,-60,64,-26480,26196,24.930000,26.999998,30,400
59429,-66,65,-26546,26261,24.975001,26.999998,30,400
59429,-67,67,-26613,26328,24.975001,26.999998,30,400
59429,-65,62,-26678,26390,24.930000,26.999998,30,400
59429,-63,65,-26741,26455,24.930000,26.999998,30,400
59429,-64,67,-26805,26522,25.005000,26.999998,30,400
59429,-68,73,-26873,26595,25.080001,26.999998,30,400
59429,-72,69,-26945,26664,25.035000,26.999998,30,400
59429,-76,64,-27021,26728,25.035000,26.999998,30,400
59429,-69,64,-27090,26792,24.779999,26.999998,30,400
59429,-66,76,-27156,26868,24.930000,26.999998,30,400
59429,-65,61,-27221,26929,24.869999,26.999998,30,400
59429,-61,60,-27282,26989,24.869999,26.999998,30,400
59429,-59,67,-27341,27056,24.975001,26.999998,30,400
59429,-61,59,-27402,27115,24.944999,26.999998,30,400
59429,-69,71,-27471,27186,24.975001,26.999998,30,400
59429,-66,69,-27537,27255,25.020000,26.999998,30,400
59429,-73,71,-27610,27326,24.990001,26.999998,30,400
59429,-72,64,-27682,27390,24.869999,26.999998,30,400
59429,-69,67,-27751,27457,24.840002,26.999998,30,400
59429,-59,61,-27810,27518,24.869999,26.999998,30,400
59429,-57,64,-27867,27582,24.869999,26.999998,30,400
59429,-59,66,-27926,27648,25.080001,26.999998,30,400
59429,-67,64,-27993,27712,25.035000,26.999998,30,400
59429,-67,63,-28060,27775,24.975001,26.999998,30,400
59429,-70,66,-28130,27841,24.975001,26.999998,30,400
59429,-63,67,-28193,27908,24.975001,26.999998,30,400
59429,-64,68,-28257,27976,25.035000,26.999998,30,400
59429,-69,69,-28326,28045,25.035000,26.999998,30,400
59429,-70,65,-28396,28110,25.035000,26.999998,30,400
59429,-68,68,-28464,28178,24.959999,26.999998,30,400
59429,-64,68,-28528,28246,25.020000,26.999998,30,400
59429,-69,68,-28597,28314,25.005000,26.999998,30,400
59429,-67,66,-28664,28380,25.005000,26.999998,30,400
59429,-76,70,-28740,28450,24.900001,26.999998,30,400
59429,-68,70,-28808,28520,24.930000,26.999998,30,400
59429,-64,69,-28872,28589,25.005000,26.999998,30,400
59429,-70,67,-28942,28656,25.005000,26.999998,30,400
59429,-66,62,-29008,28718,24.900001,26.999998,30,400
59429,-66,63,-29074,28781,24.854999,26.999998,30,400
59429,-62,63,-29136,28844,24.869999,26.999998,30,400
59429,-58,64,-29194,28908,24.869999,26.999998,30,400
59429,-60,67,-29254,28975,25.065001,26.999998,30,400
59429,-66,68,-29320,29043,25.095001,26.999998,30,400
59429,-74,68,-29394,29111,25.005000,26.999998,30,400
59429,-76,63,-29470,29174,25.005000,26.999998,30,400
59429,-66,64,-29536,29238,24.779999,26.999998,30,400
59429,-63,71,-29599,29309,24.900001,26.999998,30,400
59429,-65,73,-29664,29382,25.020000,26.999998,30,400
59429,-70,69,-29734,29451,25.020000,26.999998,30,400
59429,-73,63,-29807,29514,24.854999,26.999998,30,400
59429,-69,68,-29876,29582,24.840002,26.999998,30,400
59429,-64,70,-29940,29652,24.930000,26.999998,30,400
59429,-64,59,-30004,29711,24.930000,26.999998,30,400
59429,-57,60,-30061,29771,24.900001,26.999998,30,400
59429,-61,65,-30122,29836,24.900001,26.999998,30,400
59429,-60,59,-30182,29895,24.944999,26.999998,30,400
59429,-68,72,-30250,29967,25.005000,26.999998,30,400
59429,-69,69,-30319,30036,25.005000,26.999998,30,400
59429,-74,67,-30393,30103,24.900001,26.999998,30,400
59429,-65,65,-30458,30168,24.900001,26.999998,30,400
59429,-64,66,-30522,30234,24.930000,26.999998,30,400
59429,-56,63,-30578,30297,24.930000,26.999998,30,400
59429,-63,64,-30641,30361,25.049999,26.999998,30,400
59429,-68,66,-30709,30427,25.020000,26.999998,30,400
59429,-71,65,-30780,30492,24.930000,26.999998,30,400
59429,-66,68,-30846,30560,24.930000,26.999998,30,400
59429,-62,68,-30908,30628,25.049999,26.999998,30,400
59429,-71,72,-30979,30700,25.065001,26.999998,30,400
59429,-74,68,-31053,30768,24.975001,26.999998,30,400
59429,-66,69,-31119,30837,24.975001,26.999998,30,400
59429,-65,65,-31184,30902,25.020000,26.999998,30,400
59429,-73,68,-31257,30970,24.944999,26.999998,30,400
59429,-70,68,-31327,31038,24.915000,26.999998,30,400
59429,-61,68,-31388,31106,24.915000,26.999998,30,400
59429,-64,66,-31452,31172,25.049999,26.999998,30,400
59429,-74,69,-31526,31241,24.975001,26.999998,30,400
59429,-68,67,-31594,31308,24.959999,26.999998,30,400
59429,-66,72,-31660,31380,24.959999,26.999998,30,400
59429,-66,65,-31726,31445,25.035000,26.999998,30,400
59429,-67,61,-31793,31506,24.944999,26.999998,30,400
59429,-70,64,-31863,31570,24.854999,26.999998,30,400
59429,-61,64,-31924,31634,24.854999,26.999998,30,400
59429,-61,65,-31985,31699,24.959999,26.999998,30,400
59429,-61,64,-32046,31763,25.005000,26.999998,30,400
59429,-66,67,-32112,31830,25.020000,26.999998,30,400
59429,-72,64,-32184,31894,25.020000,26.999998,30,400
59429,-67,64,-32251,31958,24.854999,26.999998,30,400
59429,-59,64,-32310,32022,24.930000,26.999998,30,400
59429,-59,68,-32369,32090,25.065001,26.999998,30,400
59429,-67,70,-32436,32160,25.065001,26.999998,30,400
59429,-70,66,-32506,32226,25.049999,26.999998,30,400
59429,-71,64,-32577,32290,24.944999,26.999998,30,400
59429,-67,66,-32644,32356,24.930000,26.999998,30,400
59429,-64,71,-32708,32427,24.930000,26.999998,30,400
59429,-67,57,-32775,32484,24.884998,26.999998,30,400
59429,-61,60,-32836,32544,24.869999,26.999998,30,400
59429,-63,66,-32899,32610,24.915000,26.999998,30,400
59429,-62,62,-32961,32672,24.915000,26.999998,30,400
59429,-65,73,-33026,32745,25.035000,26.999998,30,400
59429,-70,70,-33096,32815,25.035000,26.999998,30,400
59429,-73,67,-33169,32882,24.944999,26.999998,30,400
59429,-67,66,-33236,32948,24.930000,26.999998,30,400
59429,-62,66,-33298,33014,24.930000,26.999998,30,400
59429,-58,60,-33356,33074,25.020000,26.999998,30,400
59429,-66,62,-33422,33136,24.959999,26.999998,30,400
59429,-66,67,-33488,33203,24.975001,26.999998,30,400
59429,-61,63,-33549,33266,24.975001,26.999998,30,400
59429,-60,64,-33609,33330,25.065001,26.999998,30,400
59429,-69,64,-33678,33394,24.990001,26.999998,30,400
59429,-74,68,-33752,33462,24.900001,26.999998,30,400
59429,-69,68,-33821,33530,24.900001,26.999998,30,400
59429,-63,70,-33884,33600,24.990001,26.999998,30,400
59429,-63,66,-33947,33666,25.035000,26.999998,30,400
59429,-71,67,-34018,33733,24.975001,26.999998,30,400
59429,-69,68,-34087,33801,24.975001,26.999998,30,400
59429,-62,68,-34149,33869,25.049999,26.999998,30,400
59429,-59,62,-34208,33931,25.095001,26.999998,30,400
59429,-73,67,-34281,33998,25.005000,26.999998,30,400
59429,-71,67,-34352,34065,25.005000,26.999998,30,400
59429,-68,69,-34420,34134,24.959999,26.999998,30,400
59429,-62,65,-34482,34199,25.005000,26.999998,30,400
59429,-63,59,-34545,34258,24.944999,26.999998,30,400
59429,-66,61,-34611,34319,24.944999,26.999998,30,400
59429,-59,62,-34670,34381,24.915000,26.999998,30,400
59429,-57,61,-34727,34442,24.975001,26.999998,30,400
59429,-58,63,-34785,34505,25.049999,26.999998,30,400
59429,-65,64,-34850,34569,25.049999,26.999998,30,400
59429,-71,67,-34921,34636,24.975001,26.999998,30,400
59429,-67,62,-34988,34698,24.900001,26.999998,30,400
59429,-60,64,-35048,34762,24.959999,26.999998,30,400
59429,-60,64,-35108,34826,24.959999,26.999998,30,400
59429,-68,74,-35176,34900,25.109997,26.999998,30,400
59429,-72,68,-35248,34968,25.049999,26.999998,30,400
59429,-75,67,-35323,35035,24.930000,26.999998,30,400
59429,-66,65,-35389,35100,24.930000,26.999998,30,400
59429,-63,72,-35452,35172,25.049999,26.999998,30,400
59429,-66,62,-35518,35234,24.990001,26.999998,30,400
59429,-62,52,-35580,35286,24.840002,26.999998,30,400
59429,-63,64,-35643,35350,24.840002,26.999998,30,400
59429,-61,58,-35704,35408,24.810001,26.999998,30,400
59429,-62,64,-35766,35472,24.840002,26.999998,30,400
59429,-59,70,-35825,35542,25.005000,26.999998,30,400
59429,-65,65,-35890,35607,25.005000,26.999998,30,400
59429,-67,61,-35957,35668,24.915000,26.999998,30,400
59429,-62,62,-36019,35730,24.915000,26.999998,30,400
59429,-58,60,-36077,35790,24.944999,26.999998,30,400
59429,-49,56,-36126,35846,25.049999,26.999998,30,400
59429,-56,59,-36182,35905,25.049999,26.999998,30,400
59429,-60,59,-36242,35964,25.080001,26.999998,30,400
59429,-66,56,-36308,36020,24.930000,26.999998,30,400
59429,-57,59,-36365,36079,24.959999,26.999998,30,400
59429,-59,60,-36424,36139,24.959999,26.999998,30,400
59429,-55,60,-36479,36199,25.049999,26.999998,30,400
59429,-65,63,-36544,36262,25.020000,26.999998,30,400
59429,-64,60,-36608,36322,24.959999,26.999998,30,400
59429,-60,64,-36668,36386,24.959999,26.999998,30,400
59429,-59,59,-36727,36445,25.020000,26.999998,30,400
59429,-69,63,-36796,36508,24.930000,26.999998,30,400
59429,-64,64,-36860,36572,24.930000,26.999998,30,400
59429,-59,66,-36919,36638,24.930000,26.999998,30,400
59429,-57,60,-36976,36698,25.080001,26.999998,30,400
59429,-69,63,-37045,36761,24.990001,26.999998,30,400
59429,-67,63,-37112,36824,24.930000,26.999998,30,400
59429,-62,64,-37174,36888,24.930000,26.999998,30,400
59429,-62,65,-37236,36953,25.005000,26.999998,30,400
59429,-56,54,-37292,37007,24.975001,26.999998,30,400
59429,-59,57,-37351,37064,24.944999,26.999998,30,400
59429,-57,58,-37408,37122,24.944999,26.999998,30,400
59429,-53,59,-37461,37181,25.049999,26.999998,30,400
59429,-57,57,-37518,37238,25.049999,26.999998,30,400
59429,-62,59,-37580,37297,25.005000,26.999998,30,400
59429,-66,64,-37646,37361,25.005000,26.999998,30,400
59429,-62,63,-37708,37424,24.990001,26.999998,30,400
59429,-63,59,-37771,37483,24.930000,26.999998,30,400
59429,-61,61,-37832,37544,24.930000,26.999998,30,400
59429,-55,62,-37887,37606,24.930000,26.999998,30,400
59429,-63,68,-37950,37674,25.109997,26.999998,30,400
59429,-67,62,-38017,37736,25.035000,26.999998,30,400
59429,-67,60,-38084,37796,24.930000,26.999998,30,400
59429,-58,53,-38142,37849,24.930000,26.999998,30,400
59429,-54,61,-38196,37910,24.959999,26.999998,30,400
59429,-53,62,-38249,37972,25.095001,26.999998,30,400
59429,-59,52,-38308,38024,24.990001,26.999998,30,400
59429,-59,50,-38367,38074,24.854999,26.999998,30,400
59429,-63,65,-38430,38139,24.884998,26.999998,30,400
59429,-60,58,-38490,38197,24.854999,26.999998,30,400
59429,-60,65,-38550,38262,24.930000,26.999998,30,400
59429,-60,68,-38610,38330,25.049999,26.999998,30,400
59429,-65,66,-38675,38396,25.049999,26.999998,30,400
59429,-67,59,-38742,38455,24.944999,26.999998,30,400
59429,-65,62,-38807,38517,24.900001,26.999998,30,400
59429,-56,61,-38863,38578,24.975001,26.999998,30,400
59429,-51,59,-38914,38637,24.975001,26.999998,30,400
59429,-57,59,-38971,38696,25.125000,26.999998,30,400
59429,-65,62,-39036,38758,25.080001,26.999998,30,400
59429,-65,59,-39101,38817,24.990001,26.999998,30,400
59429,-63,61,-39164,38878,24.990001,26.999998,30,400
59429,-62,64,-39226,38942,24.990001,26.999998,30,400
59429,-68,66,-39294,39008,24.959999,26.999998,30,400
59429,-65,66,-39359,39074,24.975001,26.999998,30,400
59429,-58,64,-39417,39138,24.975001,26.999998,30,400
59429,-57,58,-39474,39196,25.080001,26.999998,30,400
59429,-67,61,-39541,39257,24.990001,26.999998,30,400
59429,-69,65,-39610,39322,24.930000,26.999998,30,400
59429,-66,67,-39676,39389,24.930000,26.999998,30,400
59429,-54,64,-39730,39453,25.095001,26.999998,30,400
59429,-64,64,-39794,39517,25.095001,26.999998,30,400
59429,-69,65,-39863,39582,25.035000,26.999998,30,400
59429,-69,66,-39932,39648,25.035000,26.999998,30,400
59429,-70,66,-40002,39714,24.930000,26.999998,30,400
59429,-60,60,-40062,39774,24.930000,26.999998,30,400
59429,-58,58,-40120,39832,24.930000,26.999998,30,400
59429,-60,59,-40180,39891,24.930000,26.999998,30,400
59429,-55,59,-40235,39950,24.975001,26.999998,30,400
59429,-55,61,-40290,40011,25.065001,26.999998,30,400
59429,-63,61,-40353,40072,25.035000,26.999998,30,400
59429,-67,64,-40420,40136,25.035000,26.999998,30,400
59429,-68,62,-40488,40198,24.900001,26.999998,30,400
59429,-65,60,-40553,40258,24.825000,26.999998,30,400
59429,-57,62,-40610,40320,24.900001,26.999998,30,400
59429,-56,65,-40666,40385,24.900001,26.999998,30,400
59429,-66,73,-40732,40458,25.139999,26.999998,30,400
59429,-69,63,-40801,40521,25.049999,26.999998,30,400
59429,-71,63,-40872,40584,24.930000,26.999998,30,400
59429,-62,61,-40934,40645,24.930000,26.999998,30,400
59429,-60,67,-40994,40712,25.020000,26.999998,30,400
59429,-65,59,-41059,40771,24.930000,26.999998,30,400
59429,-58,53,-41117,40824,24.854999,26.999998,30,400
59429,-56,64,-41173,40888,24.975001,26.999998,30,400
59429,-59,58,-41232,40946,24.975001,26.999998,30,400
59429,-58,58,-41290,41004,24.959999,26.999998,30,400
59429,-60,69,-41350,41073,25.095001,26.999998,30,400
59429,-63,64,-41413,41137,25.109997,26.999998,30,400
59429,-68,61,-41481,41198,25.109997,26.999998,30,400
59429,-67,62,-41548,41260,24.930000,26.999998,30,400
59429,-66,65,-41614,41325,24.915000,26.999998,30,400
59429,-48,57,-41662,41382,25.049999,26.999998,30,400
59429,-56,59,-41718,41441,25.049999,26.999998,30,400
59429,-62,61,-41780,41502,25.080001,26.999998,30,400
59429,-68,60,-41848,41562,24.959999,26.999998,30,400
59429,-61,62,-41909,41624,24.975001,26.999998,30,400
59429,-61,64,-41970,41688,24.975001,26.999998,30,400
59429,-63,65,-42033,41753,25.049999,26.999998,30,400
59429,-72,67,-42105,41820,24.975001,26.999998,30,400
59429,-65,68,-42170,41888,25.020000,26.999998,30,400
59429,-60,65,-42230,41953,25.020000,26.999998,30,400
59429,-67,63,-42297,42016,25.035000,26.999998,30,400
59429,-69,64,-42366,42080,24.959999,26.999998,30,400
59429,-64,63,-42430,42143,24.944999,26.999998,30,400
59429,-52,64,-42482,42207,24.944999,26.999998,30,400
59429,-58,61,-42540,42268,25.170001,26.999998,30,400
59429,-69,64,-42609,42332,25.095001,26.999998,30,400
59429,-67,64,-42676,42396,25.049999,26.999998,30,400
59429,-70,66,-42746,42462,25.049999,26.999998,30,400
59429,-66,62,-42812,42524,24.930000,26.999998,30,400
59429,-60,60,-42872,42584,24.930000,26.999998,30,400
59429,-64,62,-42936,42646,24.900001,26.999998,30,400
59429,-60,63,-42996,42709,24.900001,26.999998,30,400
59429,-54,61,-43050,42770,25.049999,26.999998,30,400
59429,-62,62,-43112,42832,25.049999,26.999998,30,400
59429,-68,64,-43180,42896,24.990001,26.999998,30,400
59429,-70,64,-43250,42960,24.990001,26.999998,30,400
59429,-64,62,-43314,43022,24.869999,26.999998,30,400
59429,-58,64,-43372,43086,24.959999,26.999998,30,400
59429,-57,63,-43429,43149,25.049999,26.999998,30,400
59429,-65,69,-43494,43218,25.049999,26.999998,30,400
59429,-67,64,-43561,43282,25.065001,26.999998,30,400
59429,-71,64,-43632,43346,24.959999,26.999998,30,400
59429,-60,58,-43692,43404,24.930000,26.999998,30,400
59429,-59,68,-43751,43472,25.065001,26.999998,30,400
59429,-63,61,-43814,43533,25.035000,26.999998,30,400
59429,-62,52,-43876,43585,24.884998,26.999998,30,400
59429,-57,57,-43933,43642,24.884998,26.999998,30,400
59429,-59,60,-43992,43702,24.900001,26.999998,30,400
59429,-58,58,-44050,43760,24.900001,26.999998,30,400
59429,-60,70,-44110,43830,25.049999,26.999998,30,400
59429,-65,66,-44175,43896,25.065001,26.999998,30,400
59429,-69,64,-44244,43960,24.990001,26.999998,30,400
59429,-69,62,-44313,44022,24.990001,26.999998,30,400
59429,-66,65,-44379,44087,24.869999,26.999998,30,400
59429,-52,60,-44431,44147,24.990001,26.999998,30,400
59429,-57,59,-44488,44206,25.020000,26.999998,30,400
59429,-63,61,-44551,44267,25.020000,26.999998,30,400
59429,-68,60,-44619,44327,24.869999,26.999998,30,400
59429,-58,60,-44677,44387,24.900001,26.999998,30,400
59429,-58,62,-44735,44449,24.959999,26.999998,30,400
59429,-58,64,-44793,44513,24.959999,26.999998,30,400
59429,-67,66,-44860,44579,25.035000,26.999998,30,400
59429,-67,64,-44927,44643,24.990001,26.999998,30,400
59429,-64,63,-44991,44706,24.975001,26.999998,30,400
59429,-61,62,-45052,44768,24.975001,26.999998,30,400
59429,-66,62,-45118,44830,24.930000,26.999998,30,400
59429,-65,63,-45183,44893,24.900001,26.999998,30,400
59429,-56,66,-45239,44959,25.049999,26.999998,30,400
59429,-55,60,-45294,45019,25.049999,26.999998,30,400
59429,-68,62,-45362,45081,25.035000,26.999998,30,400
59429,-68,63,-45430,45144,24.959999,26.999998,30,400
59429,-64,66,-45494,45210,24.990001,26.999998,30,400
59429,-67,67,-45561,45277,24.990001,26.999998,30,400
59429,-61,57,-45622,45334,24.930000,26.999998,30,400
59429,-64,60,-45686,45394,24.869999,26.999998,30,400
59429,-60,62,-45746,45456,24.900001,26.999998,30,400
59429,-52,58,-45798,45514,24.900001,26.999998,30,400
59429,-61,60,-45859,45574,24.975001,26.999998,30,400
59429,-63,61,-45922,45635,24.944999,26.999998,30,400
59429,-59,65,-45981,45700,25.035000,26.999998,30,400
59429,-63,60,-46044,45760,25.035000,26.999998,30,400
59429,-68,62,-46112,45822,24.900001,26.999998,30,400
59429,-58,58,-46170,45880,24.900001,26.999998,30,400
59429,-59,65,-46229,45945,24.990001,26.999998,30,400
59429,-65,70,-46294,46015,24.990001,26.999998,30,400
59429,-66,63,-46360,46078,25.020000,26.999998,30,400
59429,-69,62,-46429,46140,24.915000,26.999998,30,400
59429,-65,64,-46494,46204,24.900001,26.999998,30,400
59429,-61,71,-46555,46275,25.049999,26.999998,30,400
59429,-65,57,-46620,46332,25.049999,26.999998,30,400
59429,-58,54,-46678,46386,24.869999,26.999998,30,400
59429,-59,64,-46737,46450,24.944999,26.999998,30,400
59429,-60,57,-46797,46507,24.900001,26.999998,30,400
59429,-61,65,-46858,46572,24.959999,26.999998,30,400
59429,-56,70,-46914,46642,25.170001,26.999998,30,400
59429,-66,64,-46980,46706,25.139999,26.999998,30,400
59429,-68,60,-47048,46766,25.020000,26.999998,30,400
59429,-67,62,-47115,46828,24.944999,26.999998,30,400
59429,-61,60,-47176,46888,24.930000,26.999998,30,400
59429,-50,56,-47226,46944,25.020000,26.999998,30,400
59429,-57,60,-47283,47004,25.065001,26.999998,30,400
59429,-65,62,-47348,47066,25.020000,26.999998,30,400
59429,-65,59,-47413,47125,24.930000,26.999998,30,400
59429,-60,62,-47473,47187,24.959999,26.999998,30,400
59429,-59,64,-47532,47251,25.035000,26.999998,30,400
59429,-63,64,-47595,47315,25.049999,26.999998,30,400
59429,-70,64,-47665,47379,24.959999,26.999998,30,400
59429,-61,65,-47726,47444,25.020000,26.999998,30,400
59429,-60,60,-47786,47504,25.020000,26.999998,30,400
59429,-66,61,-47852,47565,24.944999,26.999998,30,400
59429,-64,64,-47916,47629,24.944999,26.999998,30,400
59429,-61,65,-47977,47694,25.005000,26.999998,30,400
59429,-55,61,-48032,47755,25.095001,26.999998,30,400
59429,-64,61,-48096,47816,25.049999,26.999998,30,400
59429,-70,62,-48166,47878,24.930000,26.999998,30,400
59429,-62,65,-48228,47943,24.975001,26.999998,30,400
59429,-62,65,-48290,48008,25.020000,26.999998,30,400
59429,-63,61,-48353,48069,24.990001,26.999998,30,400
59429,-63,57,-48416,48126,24.900001,26.999998,30,400
59429,-66,62,-48482,48188,24.840002,26.999998,30,400
59429,-58,63,-48540,48251,24.915000,26.999998,30,400
59429,-54,62,-48594,48313,25.035000,26.999998,30,400
59429,-63,63,-48657,48376,25.035000,26.999998,30,400
59429,-70,66,-48727,48442,24.975001,26.999998,30,400
59429,-67,66,-48794,48508,24.959999,26.999998,30,400
59429,-63,61,-48857,48569,24.930000,26.999998,30,400
59429,-61,64,-48918,48633,24.975001,26.999998,30,400
59429,-58,64,-48976,48697,25.065001,26.999998,30,400
59429,-66,73,-49042,48770,25.170001,26.999998,30,400
59429,-71,66,-49113,48836,25.095001,26.999998,30,400
59429,-71,62,-49184,48898,25.095001,26.999998,30,400
59429,-64,61,-49248,48959,24.915000,26.999998,30,400
59429,-61,73,-49309,49032,25.095001,26.999998,30,400
59429,-64,61,-49373,49093,25.049999,26.999998,30,400
59429,-65,54,-49438,49147,24.884998,26.999998,30,400
59429,-61,65,-49499,49212,24.944999,26.999998,30,400
59429,-61,60,-49560,49272,24.930000,26.999998,30,400
59429,-61,64,-49621,49336,24.975001,26.999998,30,400
59429,-58,72,-49679,49408,25.184998,26.999998,30,400
59429,-65,69,-49744,49477,25.244999,26.999998,30,400
59429,-68,61,-49812,49538,25.139999,26.999998,30,400
59429,-66,62,-49878,49600,25.080001,26.999998,30,400
59429,-68,61,-49946,49661,24.975001,26.999998,30,400
59429,-54,57,-50000,49718,25.020000,26.999998,30,400
59429,-62,62,-50062,49780,25.020000,26.999998,30,400
59429,-66,62,-50128,49842,24.959999,26.999998,30,400
59429,-61,62,-50189,49904,24.975001,26.999998,30,400
59429,-55,62,-50244,49966,25.080001,26.999998,30,400
59429,-60,60,-50304,50026,25.080001,26.999998,30,400
59429,-67,65,-50371,50091,25.049999,26.999998,30,400
59429,-69,65,-50440,50156,24.990001,26.999998,30,400
59429,-66,65,-50506,50221,24.975001,26.999998,30,400
59429,-58,63,-50564,50284,25.049999,26.999998,30,400
59429,-66,64,-50630,50348,25.020000,26.999998,30,400
59429,-66,64,-50696,50412,24.990001,26.999998,30,400
59429,-70,66,-50766,50478,24.930000,26.999998,30,400
59429,-58,65,-50824,50543,25.035000,26.999998,30,400
59429,-66,65,-50890,50608,25.020000,26.999998,30,400
59429,-70,67,-50960,50675,24.975001,26.999998,30,400
59429,-64,67,-51024,50742,25.020000,26.999998,30,400
59429,-68,66,-51092,50808,24.990001,26.999998,30,400
59429,-63,59,-51155,50867,24.930000,26.999998,30,400
59429,-63,62,-51218,50929,24.915000,26.999998,30,400
59429,-60,62,-51278,50991,24.944999,26.999998,30,400
59429,-56,61,-51334,51052,25.020000,26.999998,30,400
59429,-60,60,-51394,51112,25.020000,26.999998,30,400
59429,-67,62,-51461,51174,24.944999,26.999998,30,400
59429,-64,67,-51525,51241,24.990001,26.999998,30,400
59429,-66,62,-51591,51303,24.930000,26.999998,30,400
59429,-66,63,-51657,51366,24.884998,26.999998,30,400
59429,-58,61,-51715,51427,24.930000,26.999998,30,400
59429,-57,66,-51772,51493,24.930000,26.999998,30,400
59429,-62,70,-51834,51563,25.184998,26.999998,30,400
59429,-68,65,-51902,51628,25.139999,26.999998,30,400
59429,-72,60,-51974,51688,24.959999,26.999998,30,400
59429,-66,64,-52040,51752,24.959999,26.999998,30,400
59429,-59,69,-52099,51821,25.080001,26.999998,30,400
59429,-63,55,-52162,51876,24.959999,26.999998,30,400
59429,-55,52,-52217,51928,24.915000,26.999998,30,400
59429,-55,62,-52272,51990,25.020000,26.999998,30,400
59429,-62,56,-52334,52046,24.930000,26.999998,30,400
59429,-62,59,-52396,52105,24.884998,26.999998,30,400
59429,-57,69,-52453,52174,25.065001,26.999998,30,400
59429,-63,63,-52516,52237,25.065001,26.999998,30,400
59429,-63,59,-52579,52296,25.005000,26.999998,30,400
59429,-64,60,-52643,52356,24.944999,26.999998,30,400
59429,-61,60,-52704,52416,24.930000,26.999998,30,400
59429,-48,56,-52752,52472,25.049999,26.999998,30,400
59429,-55,60,-52807,52532,25.125000,26.999998,30,400
59429,-63,61,-52870,52593,25.095001,26.999998,30,400
59429,-68,60,-52938,52653,24.975001,26.999998,30,400
59429,-58,61,-52996,52714,25.020000,26.999998,30,400
59429,-63,61,-53059,52775,24.990001,26.999998,30,400
59429,-65,63,-53124,52838,24.959999,26.999998,30,400
59429,-68,68,-53192,52906,24.959999,26.999998,30,400
59429,-59,65,-53251,52971,25.049999,26.999998,30,400
59429,-57,63,-53308,53034,25.139999,26.999998,30,400
59429,-64,60,-53372,53094,25.080001,26.999998,30,400
59429,-69,65,-53441,53159,24.975001,26.999998,30,400
59429,-64,65,-53505,53224,24.750000,26.999998,30,400
59429,-57,64,-53562,53288,24.641248,26.999998,30,400
59429,-51,62,-53613,53350,24.615001,26.999998,30,400
59429,-59,63,-53672,53413,24.453752,26.999998,30,400
59429,-57,61,-53729,53474,24.300001,26.848124,30,400
59429,-59,62,-53788,53536,24.123750,26.638873,30,400
59429,-60,62,-53848,53598,23.928750,26.429628,30,400
59429,-55,56,-53903,53654,23.737502,26.240626,30,400
59429,-54,56,-53957,53710,23.565000,26.051627,30,400
59429,-61,59,-54018,53769,23.306253,25.852502,30,400
59429,-58,57,-54076,53826,23.073750,25.660124,30,400
59429,-54,61,-54130,53887,22.976251,25.454250,30,400
59429,-56,61,-54186,53948,22.841250,25.248375,30,400
59429,-61,68,-54247,54016,22.717498,25.018873,30,400
59429,-59,59,-54306,54075,22.496249,24.819751,30,400
59429,-60,53,-54366,54128,22.166252,24.640875,30,400
59429,-61,52,-54427,54180,21.802501,24.465375,30,400
59429,-55,52,-54482,54232,21.802501,24.289875,30,400
59429,-58,58,-54540,54290,21.333750,24.094127,30,400
59429,-54,55,-54594,54345,21.146250,23.908501,30,400
59429,-48,52,-54642,54397,21.026251,23.733002,30,400
59429,-43,46,-54685,54443,20.910001,23.577748,30,400
59429,-45,43,-54730,54486,20.711251,23.432626,30,400
59429,-40,48,-54770,54534,20.681250,23.270626,30,400
59429,-42,56,-54812,54590,20.733751,23.081624,30,400
59429,-41,40,-54853,54630,20.564998,22.946625,30,400
59429,-42,35,-54895,54665,20.302501,22.828501,30,400
59429,-41,40,-54936,54705,20.133750,22.693502,30,400
59429,-37,51,-54973,54756,20.205000,22.521377,30,400
59429,-36,44,-55009,54800,20.190002,22.372876,30,400
59429,-43,40,-55052,54840,19.983750,22.237876,30,400
59429,-47,52,-55099,54892,19.882501,22.062376,30,400
59429,-45,54,-55144,54946,19.863750,21.880127,30,400
59429,-47,50,-55191,54996,19.755002,21.711377,30,400
59429,-43,48,-55234,55044,19.706250,21.549375,30,400
59429,-46,46,-55280,55090,19.533751,21.394126,30,400
59429,-42,42,-55322,55132,19.376251,21.252376,30,400
59429,-44,40,-55366,55172,19.121252,21.117375,30,400
59429,-40,32,-55406,55204,18.806252,21.009375,30,400
59429,-44,28,-55450,55232,18.401251,20.914876,30,400
59429,-34,34,-55484,55266,18.273750,20.800126,30,400
59429,-28,36,-55512,55302,18.288751,20.678625,30,400
59429,-32,36,-55544,55338,18.228750,20.557124,30,400
59429,-39,36,-55583,55374,18.037499,20.435624,30,400
59429,-36,34,-55619,55408,17.872499,20.320875,30,400
59429,-39,36,-55658,55444,17.681249,20.199375,30,400
59429,-36,34,-55694,55478,17.516251,20.084625,30,400
59429,-22,36,-55716,55514,17.643751,19.963126,30,400
59429,-16,33,-55732,55547,17.951251,19.851750,30,400
59429,-23,33,-55755,55580,18.090001,19.740377,30,400
59429,-34,34,-55789,55614,17.962500,19.625626,30,400
59429,-40,35,-55829,55649,17.700000,19.507501,30,400
59429,-31,34,-55860,55683,17.651250,19.392750,30,400
59429,-30,33,-55890,55716,17.606251,19.281377,30,400
59429,-36,34,-55926,55750,17.426252,19.166626,30,400
59429,-28,32,-55954,55782,17.411250,19.058626,30,400
59429,-23,30,-55977,55812,17.482501,18.957375,30,400
59429,-21,32,-55998,55844,17.651250,18.849375,30,400
59429,-23,30,-56021,55874,17.651250,18.748124,30,400
59429,-22,32,-56043,55906,17.865000,18.640127,30,400
59429,-22,30,-56065,55936,17.962502,18.538878,30,400
59429,-29,29,-56094,55965,17.853751,18.441001,30,400
59429,-36,31,-56130,55996,17.606251,18.336377,30,400
59429,-40,34,-56170,56030,17.321251,18.221625,30,400
59429,-31,33,-56201,56063,17.250002,18.110249,30,400
59429,-25,29,-56226,56092,17.246251,18.012376,30,400
59429,-30,35,-56256,56127,17.246251,17.894251,30,400
59429,-27,33,-56283,56160,17.280000,17.782875,30,400
59429,-21,24,-56304,56184,17.268751,17.701875,30,400
59429,-17,19,-56321,56203,17.250001,17.637749,30,400
59429,-15,16,-56336,56219,17.216250,17.583750,30,400
59429,-17,20,-56353,56239,17.220000,17.516251,30,400
59429,-24,26,-56377,56265,17.175000,17.428501,30,400
59429,-31,23,-56408,56288,16.878751,17.350874,30,400
59429,-32,21,-56440,56309,16.511249,17.280000,30,400
59429,-28,19,-56468,56328,16.203750,17.215875,30,400
59429,-20,17,-56488,56345,16.061248,17.158499,30,400
59429,-20,15,-56508,56360,15.873749,17.107875,30,400
59429,-17,9,-56525,56369,15.629999,17.077500,30,400
59429,-16,6,-56541,56375,15.345000,17.057250,30,400
59429,-17,7,-56558,56382,15.056251,17.033626,30,400
59429,-23,12,-56581,56394,14.722500,16.993125,30,400
59429,-23,16,-56604,56410,14.478751,16.939125,30,400
59429,-21,18,-56625,56428,14.332499,16.878375,30,400
59429,-16,18,-56641,56446,14.317501,16.817625,30,400
59429,-11,19,-56652,56465,14.456250,16.753501,30,400
59429,-4,16,-56656,56481,14.711251,16.699499,30,400
59429,-5,11,-56661,56492,14.827501,16.662375,30,400
59429,-6,8,-56667,56500,14.849999,16.635375,30,400
59429,-10,5,-56677,56505,14.700001,16.618499,30,400
59429,-13,7,-56690,56512,14.516250,16.594875,30,400
59429,-17,14,-56707,56526,14.385001,16.547626,30,400
59429,-24,20,-56731,56546,14.205001,16.480125,30,400
59429,-23,19,-56754,56565,14.028750,16.416000,30,400
59429,-18,19,-56772,56584,13.983750,16.351875,30,400
59429,-14,20,-56786,56604,14.066250,16.284375,30,400
59429,-6,16,-56792,56620,14.268751,16.230375,30,400
59429,-1,10,-56793,56630,14.467500,16.196624,30,400
59429,0,10,-56793,56640,14.692500,16.162875,30,400
59429,0,9,-56793,56649,14.895001,16.132500,30,400
59429,-1,12,-56794,56661,15.138751,16.092002,30,400
59429,0,11,-56794,56672,15.386250,16.054874,30,400
59429,-7,10,-56801,56682,15.427501,16.021125,30,400
59429,-17,12,-56818,56694,15.427501,15.980624,30,400
59429,-24,18,-56842,56712,15.026250,15.919875,30,400
59429,-20,20,-56862,56732,14.951250,15.852375,30,400
59429,-19,18,-56881,56750,14.857500,15.791625,30,400
59429,-23,22,-56904,56772,14.748750,15.717376,30,400
59429,-25,18,-56929,56790,14.497500,15.656625,30,400
59429,-24,10,-56953,56800,14.092500,15.622875,30,400
59429,-17,9,-56970,56809,13.848751,15.592500,30,400
59429,-11,6,-56981,56815,13.694999,15.572250,30,400
59429,-8,7,-56989,56822,13.642499,15.548626,30,400
59429,-1,0,-56990,56822,13.616251,15.548626,30,400
59429,0,0,-56990,56822,13.616251,15.548626,30,400
59429,0,0,-56990,56822,13.616251,15.548626,30,400
59429,0,0,-56990,56822,13.616251,15.548626,30,400
59429,0,0,-56990,56822,13.616251,15.548626,30,400
59429,0,0,-56990,56822,13.616251,15.548626,30,400
59429,0,0,-56990,56822,13.616251,15.548626,30,400
59429,0,0,-56990,56822,13.616251,15.548626,30,400
59429,0,0,-56990,56822,13.616251,15.548626,30,400
59429,0,0,-56990,56822,13.616251,15.548626,30,400
59429,0,0,-56990,56822,13.616251,15.548626,30,400
59429,0,0,-56990,56822,13.616251,15.548626,30,400
59429,0,0,-56990,56822,13.616251,15.548626,30,400
59429,0,0,-56990,56822,13.616251,15.548626,30,400
59429,0,0,-56990,56822,13.616251,15.548626,30,400
59429,0,0,-56990,56822,13.616251,15.548626,30,400
59429,0,0,-56990,56822,13.616251,15.548626,30,400
59429,0,0,-56990,56822,13.616251,15.548626,30,400
59429,0,0,-56990,56822,13.616251,15.548626,30,400
59429,0,0,-56990,56822,13.616251,15.548626,30,400
59429,0,0,-56990,56822,13.616251,15.548626,30,400
59429,0,0,-56990,56822,13.616251,15.548626,30,400
59429,0,0,-56990,56822,13.616251,15.548626,30,400
59429,0,0,-56990,56822,13.616251,15.548626,30,400
59429,0,0,-56990,56822,13.616251,15.548626,30,400
59429,0,0,-56990,56822,13.616251,15.548626,30,400
59429,0,0,-56990,56822,13.616251,15.548626,30,400
59429,0,0,-56990,56822,13.616251,15.548626,30,400
59429,0,0,-56990,56822,13.616251,15.548626,30,400
59429,0,0,-56990,56822,13.616251,15.548626,30,400
59429,0,0,-56990,56822,13.616251,15.548626,30,400
59429,0,0,-56990,56822,13.616251,15.548626,30,400
59429,0,0,-56990,56822,13.616251,15.548626,30,400
59429,0,0,-56990,56822,13.616251,15.548626,30,400
59429,0,0,-56990,56822,13.616251,15.548626,30,400
59429,0,0,-56990,56822,13.616251,15.548626,30,400
59429,0,0,-56990,56822,13.616251,15.548626,30,400
59429,0,0,-56990,56822,13.616251,15.548626,30,400
59429,0,0,-56990,56822,13.616251,15.548626,30,400
59429,0,0,-56990,56822,13.616251,15.548626,30,400
59429,0,0,-56990,56822,13.616251,15.548626,30,400
