59429,0,-1,0,-1,29.999998,26.999998,30,400
59429,-29,2,-29,1,29.999998,26.999998,30,400
59429,-46,10,-75,11,29.309998,26.999998,30,400
59429,-65,32,-140,43,28.567499,26.999998,30,400
59429,-67,52,-207,95,28.230002,26.999998,30,400
59429,-60,52,-267,147,28.049999,26.999998,30,400
59429,-57,57,-324,204,28.049999,26.999998,30,400
59429,-61,63,-385,267,28.095000,26.999998,30,400
59429,-60,55,-445,322,27.982499,26.999998,30,400
59429,-57,51,-502,373,27.847500,26.999998,30,400
59429,-54,46,-556,419,27.667500,26.999998,30,400
59429,-56,53,-612,472,27.599998,26.999998,30,400
59429,-61,62,-673,534,27.622499,26.999998,30,400
59429,-63,51,-736,585,27.352501,26.999998,30,400
59429,-55,48,-791,633,27.195001,26.999998,30,400
59429,-61,55,-852,688,27.059999,26.999998,30,400
59429,-65,66,-917,754,27.082500,26.999998,30,400
59429,-68,59,-985,813,26.879999,26.999998,30,400
59429,-66,62,-1051,875,26.790002,26.999998,30,400
59429,-64,58,-1115,933,26.655000,26.999998,30,400
59429,-64,59,-1179,992,26.655000,26.999998,30,400
59429,-63,54,-1242,1046,26.340001,26.999998,30,400
59429,-57,55,-1299,1101,26.294999,26.999998,30,400
59429,-55,52,-1354,1153,26.234998,26.999998,30,400
59429,-56,47,-1410,1200,26.234998,26.999998,30,400
59429,-62,55,-1472,1255,25.995000,26.999998,30,400
59429,-57,56,-1529,1311,25.980000,26.999998,30,400
59429,-60,55,-1589,1366,25.905000,26.999998,30,400
59429,-59,53,-1648,1419,25.905000,26.999998,30,400
59429,-65,57,-1713,1476,25.695000,26.999998,30,400
59429,-63,56,-1776,1532,25.590000,26.999998,30,400
59429,-63,60,-1839,1592,25.545002,26.999998,30,400
59429,-60,59,-1899,1651,25.545002,26.999998,30,400
59429,-66,58,-1965,1709,25.410000,26.999998,30,400
59429,-63,55,-2028,1764,25.290001,26.999998,30,400
59429,-65,56,-2093,1820,25.154999,26.999998,30,400
59429,-59,55,-2152,1875,25.154999,26.999998,30,400
59429,-64,56,-2216,1931,24.975001,26.999998,30,400
59429,-59,58,-2275,1989,24.959999,26.999998,30,400
59429,-52,53,-2327,2042,24.975001,26.999998,30,400
59429,-57,57,-2384,2099,24.975001,26.999998,30,400
59429,-57,53,-2441,2152,24.915000,26.999998,30,400
59429,-52,52,-2493,2204,24.915000,26.999998,30,400
59429,-55,53,-2548,2257,24.884998,26.999998,30,400
59429,-53,52,-2601,2309,24.884998,26.999998,30,400
59429,-52,45,-2653,2354,24.765002,26.999998,30,400
59429,-49,47,-2702,2401,24.735000,26.999998,30,400
59429,-51,48,-2753,2449,24.690001,26.999998,30,400
59429,-54,50,-2807,2499,24.630000,26.999998,30,400
59429,-50,46,-2857,2545,24.570002,26.999998,30,400
59429,-54,52,-2911,2597,24.540000,26.999998,30,400
59429,-54,52,-2965,2649,24.509998,26.999998,30,400
59429,-53,53,-3018,2702,24.509998,26.999998,30,400
59429,-53,55,-3071,2757,24.540000,26.999998,30,400
59429,-55,48,-3126,2805,24.435000,26.999998,30,400
59429,-53,50,-3179,2855,24.390002,26.999998,30,400
59429,-54,49,-3233,2904,24.390002,26.999998,30,400
59429,-56,53,-3289,2957,24.269999,26.999998,30,400
59429,-54,62,-3343,3019,24.390002,26.999998,30,400
59429,-52,56,-3395,3075,24.450000,26.999998,30,400
59429,-56,52,-3451,3127,24.390002,26.999998,30,400
59429,-55,49,-3506,3176,24.300001,26.999998,30,400
59429,-45,46,-3551,3222,24.315001,26.999998,30,400
59429,-50,56,-3601,3278,24.404998,26.999998,30,400
59429,-53,51,-3654,3329,24.374999,26.999998,30,400
59429,-51,42,-3705,3371,24.240000,26.999998,30,400
59429,-51,43,-3756,3414,24.120001,26.999998,30,400
59429,-53,55,-3809,3469,24.150000,26.999998,30,400
59429,-54,63,-3863,3532,24.284999,26.999998,30,400
59429,-51,51,-3914,3583,24.284999,26.999998,30,400
59429,-49,54,-3963,3637,24.360000,26.999998,30,400
59429,-53,53,-4016,3690,24.360000,26.999998,30,400
59429,-47,52,-4063,3742,24.435000,26.999998,30,400
59429,-45,47,-4108,3789,24.465002,26.999998,30,400
59429,-49,53,-4157,3842,24.525000,26.999998,30,400
59429,-50,52,-4207,3894,24.555000,26.999998,30,400
59429,-54,45,-4261,3939,24.420001,26.999998,30,400
59429,-47,44,-4308,3983,24.374999,26.999998,30,400
59429,-51,52,-4359,4035,24.390002,26.999998,30,400
59429,-51,53,-4410,4088,24.420001,26.999998,30,400
59429,-54,50,-4464,4138,24.360000,26.999998,30,400
59429,-57,51,-4521,4189,24.269999,26.999998,30,400
59429,-50,50,-4571,4239,24.269999,26.999998,30,400
59429,-50,53,-4621,4292,24.315001,26.999998,30,400
59429,-50,54,-4671,4346,24.374999,26.999998,30,400
59429,-50,54,-4721,4400,24.435000,26.999998,30,400
59429,-54,53,-4775,4453,24.420001,26.999998,30,400
59429,-54,52,-4829,4505,24.390002,26.999998,30,400
59429,-51,50,-4880,4555,24.374999,26.999998,30,400
59429,-49,52,-4929,4607,24.420001,26.999998,30,400
59429,-56,54,-4985,4661,24.390002,26.999998,30,400
59429,-55,53,-5040,4714,24.360000,26.999998,30,400
59429,-51,55,-5091,4769,24.420001,26.999998,30,400
59429,-54,50,-5145,4819,24.360000,26.999998,30,400
59429,-55,56,-5200,4875,24.374999,26.999998,30,400
59429,-50,53,-5250,4928,24.420001,26.999998,30,400
59429,-54,53,-5304,4981,24.404998,26.999998,30,400
59429,-57,57,-5361,5038,24.404998,26.999998,30,400
59429,-54,54,-5415,5092,24.404998,26.999998,30,400
59429,-52,48,-5467,5140,24.345000,26.999998,30,400
59429,-50,49,-5517,5189,24.329998,26.999998,30,400
59429,-52,51,-5569,5240,24.315001,26.999998,30,400
59429,-49,51,-5618,5291,24.345000,26.999998,30,400
59429,-51,52,-5669,5343,24.360000,26.999998,30,400
59429,-52,52,-5721,5395,24.360000,26.999998,30,400
59429,-52,53,-5773,5448,24.374999,26.999998,30,400
59429,-50,55,-5823,5503,24.450000,26.999998,30,400
59429,-49,50,-5872,5553,24.465002,26.999998,30,400
59429,-51,46,-5923,5599,24.390002,26.999998,30,400
59429,-49,52,-5972,5651,24.435000,26.999998,30,400
59429,-53,52,-6025,5703,24.435000,26.999998,30,400
59429,-53,57,-6078,5760,24.479999,26.999998,30,400
59429,-51,59,-6129,5819,24.599998,26.999998,30,400
59429,-50,54,-6179,5873,24.659999,26.999998,30,400
59429,-51,52,-6230,5925,24.659999,26.999998,30,400
59429,-52,45,-6282,5970,24.570002,26.999998,30,400
59429,-46,50,-6328,6020,24.630000,26.999998,30,400
59429,-52,61,-6380,6081,24.765002,26.999998,30,400
59429,-53,46,-6433,6127,24.765002,26.999998,30,400
59429,-53,42,-6486,6169,24.495001,26.999998,30,400
59429,-50,48,-6536,6217,24.465002,26.999998,30,400
59429,-52,62,-6588,6279,24.615001,26.999998,30,400
59429,-51,55,-6639,6334,24.615001,26.999998,30,400
59429,-49,49,-6688,6383,24.674999,26.999998,30,400
59429,-49,54,-6737,6437,24.750000,26.999998,30,400
59429,-52,50,-6789,6487,24.720000,26.999998,30,400
59429,-47,54,-6836,6541,24.720000,26.999998,30,400
59429,-43,49,-6879,6590,24.915000,26.999998,30,400
59429,-46,49,-6925,6639,24.959999,26.999998,30,400
59429,-46,48,-6971,6687,24.990001,26.999998,30,400
59429,-57,45,-7028,6732,24.990001,26.999998,30,400
59429,-48,47,-7076,6779,24.795001,26.999998,30,400
59429,-50,52,-7126,6831,24.825000,26.999998,30,400
59429,-52,52,-7178,6883,24.825000,26.999998,30,400
59429,-52,52,-7230,6935,24.825000,26.999998,30,400
59429,-56,53,-7286,6988,24.779999,26.999998,30,400
59429,-49,51,-7335,7039,24.810001,26.999998,30,400
59429,-49,52,-7384,7091,24.854999,26.999998,30,400
59429,-47,53,-7431,7144,24.854999,26.999998,30,400
59429,-51,53,-7482,7197,24.975001,26.999998,30,400
59429,-53,52,-7535,7249,24.959999,26.999998,30,400
59429,-54,54,-7589,7303,24.959999,26.999998,30,400
59429,-52,52,-7641,7355,24.959999,26.999998,30,400
59429,-47,52,-7688,7407,25.035000,26.999998,30,400
59429,-55,50,-7743,7457,24.959999,26.999998,30,400
59429,-59,53,-7802,7510,24.869999,26.999998,30,400
59429,-53,55,-7855,7565,24.900001,26.999998,30,400
59429,-51,52,-7906,7617,24.915000,26.999998,30,400
59429,-54,56,-7960,7673,24.944999,26.999998,30,400
59429,-48,53,-8008,7726,25.020000,26.999998,30,400
59429,-53,53,-8061,7779,25.020000,26.999998,30,400
59429,-61,52,-8122,7831,24.884998,26.999998,30,400
59429,-56,52,-8178,7883,24.825000,26.999998,30,400
59429,-49,48,-8227,7931,24.810001,26.999998,30,400
59429,-48,49,-8275,7980,24.825000,26.999998,30,400
59429,-50,49,-8325,8029,24.810001,26.999998,30,400
59429,-49,50,-8374,8079,24.825000,26.999998,30,400
59429,-50,51,-8424,8130,24.840002,26.999998,30,400
59429,-50,50,-8474,8180,24.840002,26.999998,30,400
59429,-51,54,-8525,8234,24.884998,26.999998,30,400
59429,-50,55,-8575,8289,24.959999,26.999998,30,400
59429,-47,50,-8622,8339,25.005000,26.999998,30,400
59429,-57,49,-8679,8388,24.884998,26.999998,30,400
59429,-53,52,-8732,8440,24.869999,26.999998,30,400
59429,-52,52,-8784,8492,24.869999,26.999998,30,400
59429,-56,62,-8840,8554,24.959999,26.999998,30,400
59429,-51,58,-8891,8612,25.065001,26.999998,30,400
59429,-50,50,-8941,8662,25.065001,26.999998,30,400
59429,-58,47,-8999,8709,24.900001,26.999998,30,400
59429,-55,46,-9054,8755,24.765002,26.999998,30,400
59429,-50,57,-9104,8812,24.869999,26.999998,30,400
59429,-51,59,-9155,8871,24.990001,26.999998,30,400
59429,-54,42,-9209,8913,24.810001,26.999998,30,400
59429,-55,44,-9264,8957,24.645000,26.999998,30,400
59429,-52,57,-9316,9014,24.720000,26.999998,30,400
59429,-52,63,-9368,9077,24.884998,26.999998,30,400
59429,-50,50,-9418,9127,24.884998,26.999998,30,400
59429,-49,53,-9467,9180,24.944999,26.999998,30,400
59429,-48,51,-9515,9231,24.990001,26.999998,30,400
59429,-57,54,-9572,9285,24.944999,26.999998,30,400
59429,-49,49,-9621,9334,24.944999,26.999998,30,400
59429,-47,51,-9668,9385,25.005000,26.999998,30,400
59429,-49,49,-9717,9434,25.005000,26.999998,30,400
59429,-59,48,-9776,9482,24.840002,26.999998,30,400
59429,-54,49,-9830,9531,24.765002,26.999998,30,400
59429,-50,56,-9880,9587,24.854999,26.999998,30,400
59429,-55,56,-9935,9643,24.869999,26.999998,30,400
59429,-52,52,-9987,9695,24.869999,26.999998,30,400
59429,-56,54,-10043,9749,24.840002,26.999998,30,400
59429,-52,54,-10095,9803,24.869999,26.999998,30,400
59429,-52,55,-10147,9858,24.915000,26.999998,30,400
59429,-48,55,-10195,9913,25.020000,26.999998,30,400
59429,-55,55,-10250,9968,25.020000,26.999998,30,400
59429,-63,56,-10313,10024,24.915000,26.999998,30,400
59429,-58,55,-10371,10079,24.869999,26.999998,30,400
59429,-52,53,-10423,10132,24.884998,26.999998,30,400
59429,-47,55,-10470,10187,24.884998,26.999998,30,400
59429,-57,53,-10527,10240,24.944999,26.999998,30,400
59429,-59,56,-10586,10296,24.900001,26.999998,30,400
59429,-53,56,-10639,10352,24.944999,26.999998,30,400
59429,-54,55,-10693,10407,24.944999,26.999998,30,400
59429,-52,55,-10745,10462,25.005000,26.999998,30,400
59429,-54,55,-10799,10517,25.020000,26.999998,30,400
59429,-62,54,-10861,10571,24.900001,26.999998,30,400
59429,-62,57,-10923,10628,24.900001,26.999998,30,400
59429,-53,50,-10976,10678,24.779999,26.999998,30,400
59429,-49,48,-11025,10726,24.765002,26.999998,30,400
59429,-48,50,-11073,10776,24.795001,26.999998,30,400
59429,-52,51,-11125,10827,24.795001,26.999998,30,400
59429,-51,49,-11176,10876,24.750000,26.999998,30,400
59429,-49,50,-11225,10926,24.765002,26.999998,30,400
59429,-52,54,-11277,10980,24.795001,26.999998,30,400
59429,-52,55,-11329,11035,24.795001,26.999998,30,400
59429,-50,54,-11379,11089,24.900001,26.999998,30,400
59429,-51,47,-11430,11136,24.840002,26.999998,30,400
59429,-49,52,-11479,11188,24.884998,26.999998,30,400
59429,-48,47,-11527,11235,24.884998,26.999998,30,400
59429,-54,55,-11581,11290,24.884998,26.999998,30,400
59429,-52,60,-11633,11350,25.005000,26.999998,30,400
59429,-55,55,-11688,11405,25.005000,26.999998,30,400
59429,-61,52,-11749,11457,25.005000,26.999998,30,400
59429,-57,46,-11806,11503,24.705001,26.999998,30,400
59429,-47,52,-11853,11555,24.779999,26.999998,30,400
59429,-50,58,-11903,11613,24.900001,26.999998,30,400
59429,-52,50,-11955,11663,24.900001,26.999998,30,400
59429,-50,39,-12005,11702,24.705001,26.999998,30,400
59429,-49,47,-12054,11749,24.674999,26.999998,30,400
59429,-53,60,-12107,11809,24.779999,26.999998,30,400
59429,-54,60,-12161,11869,24.779999,26.999998,30,400
59429,-49,52,-12210,11921,24.915000,26.999998,30,400
59429,-51,54,-12261,11975,24.959999,26.999998,30,400
59429,-52,51,-12313,12026,24.944999,26.999998,30,400
59429,-50,53,-12363,12079,24.990001,26.999998,30,400
59429,-46,47,-12409,12126,25.005000,26.999998,30,400
59429,-55,49,-12464,12175,24.915000,26.999998,30,400
59429,-52,52,-12516,12227,24.915000,26.999998,30,400
59429,-53,48,-12569,12275,24.840002,26.999998,30,400
59429,-45,50,-12614,12325,24.915000,26.999998,30,400
59429,-46,52,-12660,12377,25.005000,26.999998,30,400
59429,-54,51,-12714,12428,24.959999,26.999998,30,400
59429,-55,51,-12769,12479,24.900001,26.999998,30,400
59429,-57,52,-12826,12531,24.825000,26.999998,30,400
59429,-51,53,-12877,12584,24.854999,26.999998,30,400
59429,-47,53,-12924,12637,24.944999,26.999998,30,400
59429,-45,55,-12969,12692,25.095001,26.999998,30,400
59429,-52,51,-13021,12743,25.080001,26.999998,30,400
59429,-59,33,-13080,12776,24.690001,26.999998,30,400
59429,-53,33,-13133,12809,24.390002,26.999998,30,400
59429,-48,43,-13181,12852,24.315001,26.999998,30,400
59429,-42,55,-13223,12907,24.509998,26.999998,30,400
59429,-49,64,-13272,12971,24.735000,26.999998,30,400
59429,-54,64,-13326,13035,24.884998,26.999998,30,400
59429,-51,58,-13377,13093,24.990001,26.999998,30,400
59429,-56,53,-13433,13146,24.944999,26.999998,30,400
59429,-57,53,-13490,13199,24.884998,26.999998,30,400
59429,-51,54,-13541,13253,24.930000,26.999998,30,400
59429,-50,54,-13591,13307,24.990001,26.999998,30,400
59429,-60,55,-13651,13362,24.915000,26.999998,30,400
59429,-59,54,-13710,13416,24.840002,26.999998,30,400
59429,-50,48,-13760,13464,24.810001,26.999998,30,400
59429,-48,49,-13808,13513,24.825000,26.999998,30,400
59429,-51,52,-13859,13565,24.840002,26.999998,30,400
59429,-48,49,-13907,13614,24.854999,26.999998,30,400
59429,-48,51,-13955,13665,24.900001,26.999998,30,400
59429,-53,53,-14008,13718,24.900001,26.999998,30,400
59429,-54,55,-14062,13773,24.915000,26.999998,30,400
59429,-53,58,-14115,13831,24.990001,26.999998,30,400
59429,-53,48,-14168,13879,24.915000,26.999998,30,400
59429,-57,50,-14225,13929,24.810001,26.999998,30,400
59429,-50,53,-14275,13982,24.854999,26.999998,30,400
59429,-52,54,-14327,14036,24.884998,26.999998,30,400
59429,-57,63,-14384,14099,24.975001,26.999998,30,400
59429,-53,60,-14437,14159,25.080001,26.999998,30,400
59429,-58,55,-14495,14214,25.035000,26.999998,30,400
59429,-62,49,-14557,14263,24.840002,26.999998,30,400
59429,-57,53,-14614,14316,24.779999,26.999998,30,400
59429,-53,63,-14667,14379,24.930000,26.999998,30,400
59429,-54,53,-14721,14432,24.915000,26.999998,30,400
59429,-50,45,-14771,14477,24.915000,26.999998,30,400
59429,-56,52,-14827,14529,24.779999,26.999998,30,400
59429,-54,64,-14881,14593,24.930000,26.999998,30,400
59429,-53,58,-14934,14651,25.005000,26.999998,30,400
59429,-55,53,-14989,14704,25.005000,26.999998,30,400
59429,-56,59,-15045,14763,25.020000,26.999998,30,400
59429,-61,54,-15106,14817,24.915000,26.999998,30,400
59429,-51,54,-15157,14871,24.959999,26.999998,30,400
59429,-46,52,-15203,14923,24.959999,26.999998,30,400
59429,-51,54,-15254,14977,25.095001,26.999998,30,400
59429,-57,50,-15311,15027,24.990001,26.999998,30,400
59429,-59,48,-15370,15075,24.825000,26.999998,30,400
59429,-52,56,-15422,15131,24.825000,26.999998,30,400
59429,-56,58,-15478,15189,24.915000,26.999998,30,400
59429,-51,53,-15529,15242,24.944999,26.999998,30,400
59429,-56,53,-15585,15295,24.900001,26.999998,30,400
59429,-52,56,-15637,15351,24.900001,26.999998,30,400
59429,-50,57,-15687,15408,25.065001,26.999998,30,400
59429,-50,55,-15737,15463,25.139999,26.999998,30,400
59429,-60,55,-15797,15518,25.065001,26.999998,30,400
59429,-64,57,-15861,15575,25.065001,26.999998,30,400
59429,-60,57,-15921,15632,24.915000,26.999998,30,400
59429,-52,57,-15973,15689,24.990001,26.999998,30,400
59429,-53,57,-16026,15746,25.049999,26.999998,30,400
59429,-62,55,-16088,15801,25.049999,26.999998,30,400
59429,-55,57,-16143,15858,24.975001,26.999998,30,400
59429,-52,54,-16195,15912,25.005000,26.999998,30,400
59429,-58,56,-16253,15968,24.975001,26.999998,30,400
59429,-56,57,-16309,16025,24.975001,26.999998,30,400
59429,-56,56,-16365,16081,24.990001,26.999998,30,400
59429,-64,58,-16429,16139,24.900001,26.999998,30,400
59429,-59,56,-16488,16195,24.854999,26.999998,30,400
59429,-49,51,-16537,16246,24.854999,26.999998,30,400
59429,-50,51,-16587,16297,24.900001,26.999998,30,400
59429,-55,55,-16642,16352,24.900001,26.999998,30,400
59429,-52,53,-16694,16405,24.915000,26.999998,30,400
59429,-53,55,-16747,16460,24.915000,26.999998,30,400
59429,-53,53,-16800,16513,24.944999,26.999998,30,400
59429,-55,56,-16855,16569,24.959999,26.999998,30,400
59429,-52,57,-16907,16626,25.035000,26.999998,30,400
59429,-53,47,-16960,16673,24.944999,26.999998,30,400
59429,-55,55,-17015,16728,24.944999,26.999998,30,400
59429,-50,53,-17065,16781,24.990001,26.999998,30,400
59429,-60,59,-17125,16840,24.975001,26.999998,30,400
59429,-56,62,-17181,16902,25.065001,26.999998,30,400
59429,-58,57,-17239,16959,25.049999,26.999998,30,400
59429,-63,55,-17302,17014,24.930000,26.999998,30,400
59429,-59,50,-17361,17064,24.795001,26.999998,30,400
59429,-50,57,-17411,17121,24.900001,26.999998,30,400
59429,-51,60,-17462,17181,25.035000,26.999998,30,400
59429,-57,44,-17519,17225,24.840002,26.999998,30,400
59429,-56,46,-17575,17271,24.690001,26.999998,30,400
59429,-56,56,-17631,17327,24.690001,26.999998,30,400
59429,-53,66,-17684,17393,24.884998,26.999998,30,400
59429,-55,58,-17739,17451,24.930000,26.999998,30,400
59429,-50,56,-17789,17507,25.020000,26.999998,30,400
59429,-56,53,-17845,17560,24.975001,26.999998,30,400
59429,-57,57,-17902,17617,24.975001,26.999998,30,400
59429,-47,53,-17949,17670,25.065001,26.999998,30,400
59429,-51,51,-18000,17721,25.065001,26.999998,30,400
59429,-54,50,-18054,17771,25.005000,26.999998,30,400
59429,-63,50,-18117,17821,24.810001,26.999998,30,400
59429,-54,53,-18171,17874,24.795001,26.999998,30,400
59429,-53,57,-18224,17931,24.854999,26.999998,30,400
59429,-52,55,-18276,17986,24.900001,26.999998,30,400
59429,-55,53,-18331,18039,24.869999,26.999998,30,400
59429,-54,54,-18385,18093,24.869999,26.999998,30,400
59429,-49,54,-18434,18147,24.944999,26.999998,30,400
59429,-48,53,-18482,18200,25.020000,26.999998,30,400
59429,-52,55,-18534,18255,25.065001,26.999998,30,400
59429,-63,54,-18597,18309,24.930000,26.999998,30,400
59429,-59,57,-18656,18366,24.900001,26.999998,30,400
59429,-55,53,-18711,18419,24.869999,26.999998,30,400
59429,-50,55,-18761,18474,24.944999,26.999998,30,400
59429,-50,54,-18811,18528,25.005000,26.999998,30,400
59429,-59,54,-18870,18582,24.930000,26.999998,30,400
59429,-58,58,-18928,18640,24.930000,26.999998,30,400
59429,-54,55,-18982,18695,24.944999,26.999998,30,400
59429,-57,58,-19039,18753,24.959999,26.999998,30,400
59429,-53,57,-19092,18810,25.020000,26.999998,30,400
59429,-57,58,-19149,18868,25.035000,26.999998,30,400
59429,-66,57,-19215,18925,24.900001,26.999998,30,400
59429,-58,54,-19273,18979,24.840002,26.999998,30,400
59429,-50,52,-19323,19031,24.869999,26.999998,30,400
59429,-51,52,-19374,19083,24.884998,26.999998,30,400
59429,-53,52,-19427,19135,24.869999,26.999998,30,400
59429,-50,51,-19477,19186,24.869999,26.999998,30,400
59429,-52,54,-19529,19240,24.915000,26.999998,30,400
59429,-54,55,-19583,19295,24.930000,26.999998,30,400
59429,-54,57,-19637,19352,24.975001,26.999998,30,400
59429,-51,55,-19688,19407,24.975001,26.999998,30,400
59429,-55,49,-19743,19456,24.944999,26.999998,30,400
59429,-55,54,-19798,19510,24.930000,26.999998,30,400
59429,-53,55,-19851,19565,24.959999,26.999998,30,400
59429,-57,62,-19908,19627,24.959999,26.999998,30,400
59429,-55,62,-19963,19689,25.139999,26.999998,30,400
59429,-61,58,-20024,19747,25.095001,26.999998,30,400
59429,-65,52,-20089,19799,24.900001,26.999998,30,400
59429,-59,52,-20148,19851,24.900001,26.999998,30,400
59429,-55,64,-20203,19915,24.930000,26.999998,30,400
59429,-54,56,-20257,19971,24.959999,26.999998,30,400
59429,-52,46,-20309,20017,24.869999,26.999998,30,400
59429,-56,52,-20365,20069,24.869999,26.999998,30,400
59429,-55,64,-20420,20133,24.944999,26.999998,30,400
59429,-55,60,-20475,20193,25.020000,26.999998,30,400
59429,-56,55,-20531,20248,25.005000,26.999998,30,400
59429,-59,57,-20590,20305,25.005000,26.999998,30,400
59429,-59,56,-20649,20361,24.930000,26.999998,30,400
59429,-47,54,-20696,20415,25.035000,26.999998,30,400
59429,-49,51,-20745,20466,25.065001,26.999998,30,400
59429,-55,53,-20800,20519,25.065001,26.999998,30,400
59429,-61,51,-20861,20570,24.884998,26.999998,30,400
59429,-55,53,-20916,20623,24.854999,26.999998,30,400
59429,-47,54,-20963,20677,24.959999,26.999998,30,400
59429,-54,57,-21017,20734,24.959999,26.999998,30,400
59429,-56,53,-21073,20787,24.959999,26.999998,30,400
59429,-58,54,-21131,20841,24.900001,26.999998,30,400
59429,-54,57,-21185,20898,24.944999,26.999998,30,400
59429,-51,57,-21236,20955,24.944999,26.999998,30,400
59429,-53,58,-21289,21013,25.109997,26.999998,30,400
59429,-62,55,-21351,21068,25.005000,26.999998,30,400
59429,-63,58,-21414,21126,24.930000,26.999998,30,400
59429,-59,57,-21473,21183,24.900001,26.999998,30,400
59429,-51,59,-21524,21242,25.020000,26.999998,30,400
59429,-53,57,-21577,21299,25.080001,26.999998,30,400
59429,-64,55,-21641,21354,24.944999,26.999998,30,400
59429,-57,57,-21698,21411,24.944999,26.999998,30,400
59429,-53,55,-21751,21466,24.975001,26.999998,30,400
59429,-57,58,-21808,21524,24.990001,26.999998,30,400
59429,-56,55,-21864,21579,24.975001,26.999998,30,400
59429,-57,57,-21921,21636,24.975001,26.999998,30,400
59429,-58,59,-21979,21695,24.990001,26.999998,30,400
59429,-57,53,-22036,21748,24.930000,26.999998,30,400
59429,-52,50,-22088,21798,24.900001,26.999998,30,400
59429,-53,53,-22141,21851,24.900001,26.999998,30,400
59429,-53,52,-22194,21903,24.884998,26.999998,30,400
59429,-50,53,-22244,21956,24.930000,26.999998,30,400
59429,-51,54,-22295,22010,24.975001,26.999998,30,400
59429,-54,55,-22349,22065,24.990001,26.999998,30,400
59429,-58,58,-22407,22123,24.990001,26.999998,30,400
59429,-60,56,-22467,22179,24.930000,26.999998,30,400
59429,-56,50,-22523,22229,24.840002,26.999998,30,400
59429,-50,55,-22573,22284,24.915000,26.999998,30,400
59429,-53,55,-22626,22339,24.944999,26.999998,30,400
59429,-58,60,-22684,22399,24.975001,26.999998,30,400
59429,-52,62,-22736,22461,25.125000,26.999998,30,400
59429,-57,56,-22793,22517,25.109997,26.999998,30,400
59429,-61,52,-22854,22569,24.975001,26.999998,30,400
59429,-57,51,-22911,22620,24.884998,26.999998,30,400
59429,-50,60,-22961,22680,25.035000,26.999998,30,400
59429,-56,57,-23017,22737,25.049999,26.999998,30,400
59429,-61,45,-23078,22782,24.810001,26.999998,30,400
59429,-59,50,-23137,22832,24.674999,26.999998,30,400
59429,-56,63,-23193,22895,24.779999,26.999998,30,400
59429,-54,61,-23247,22956,24.884998,26.999998,30,400
59429,-52,55,-23299,23011,24.930000,26.999998,30,400
59429,-49,58,-23348,23069,25.065001,26.999998,30,400
59429,-57,55,-23405,23124,25.035000,26.999998,30,400
59429,-60,57,-23465,23181,24.990001,26.999998,30,400
59429,-57,55,-23522,23236,24.959999,26.999998,30,400
59429,-54,58,-23576,23294,25.020000,26.999998,30,400
59429,-58,53,-23634,23347,24.944999,26.999998,30,400
59429,-54,53,-23688,23400,24.930000,26.999998,30,400
59429,-49,57,-23737,23457,25.049999,26.999998,30,400
59429,-57,57,-23794,23514,25.049999,26.999998,30,400
59429,-59,55,-23853,23569,24.990001,26.999998,30,400
59429,-64,56,-23917,23625,24.869999,26.999998,30,400
59429,-56,56,-23973,23681,24.869999,26.999998,30,400
59429,-51,58,-24024,23739,24.975001,26.999998,30,400
59429,-50,58,-24074,23797,25.095001,26.999998,30,400
59429,-60,59,-24134,23856,25.080001,26.999998,30,400
59429,-61,58,-24195,23914,25.035000,26.999998,30,400
59429,-64,57,-24259,23971,24.930000,26.999998,30,400
59429,-56,59,-24315,24030,24.975001,26.999998,30,400
59429,-54,59,-24369,24089,25.049999,26.999998,30,400
59429,-60,59,-24429,24148,25.035000,26.999998,30,400
59429,-60,57,-24489,24205,25.035000,26.999998,30,400
59429,-66,60,-24555,24265,24.900001,26.999998,30,400
59429,-58,60,-24613,24325,24.930000,26.999998,30,400
59429,-50,59,-24663,24384,25.065001,26.999998,30,400
59429,-62,60,-24725,24444,25.035000,26.999998,30,400
59429,-63,57,-24788,24501,24.944999,26.999998,30,400
59429,-53,50,-24841,24551,24.900001,26.999998,30,400
59429,-52,54,-24893,24605,24.930000,26.999998,30,400
59429,-54,56,-24947,24661,24.930000,26.999998,30,400
59429,-50,54,-24997,24715,25.020000,26.999998,30,400
59429,-56,54,-25053,24769,24.990001,26.999998,30,400
59429,-60,56,-25113,24825,24.930000,26.999998,30,400
59429,-57,60,-25170,24885,24.975001,26.999998,30,400
59429,-51,56,-25221,24941,25.049999,26.999998,30,400
59429,-52,48,-25273,24989,24.990001,26.999998,30,400
59429,-55,54,-25328,25043,24.975001,26.999998,30,400
59429,-56,54,-25384,25097,24.975001,26.999998,30,400
59429,-58,60,-25442,25157,24.975001,26.999998,30,400
59429,-51,62,-25493,25219,25.139999,26.999998,30,400
59429,-56,58,-25549,25277,25.170001,26.999998,30,400
59429,-60,55,-25609,25332,25.170001,26.999998,30,400
59429,-62,50,-25671,25382,24.915000,26.999998,30,400
59429,-55,61,-25726,25443,25.005000,26.999998,30,400
59429,-58,60,-25784,25503,25.035000,26.999998,30,400
59429,-61,47,-25845,25550,25.035000,26.999998,30,400
59429,-58,49,-25903,25599,24.690001,26.999998,30,400
59429,-53,62,-25956,25661,24.825000,26.999998,30,400
59429,-54,66,-26010,25727,25.005000,26.999998,30,400
59429,-55,57,-26065,25784,25.005000,26.999998,30,400
59429,-61,59,-26126,25843,25.005000,26.999998,30,400
59429,-61,56,-26187,25899,24.930000,26.999998,30,400
59429,-55,55,-26242,25954,24.930000,26.999998,30,400
59429,-48,53,-26290,26007,25.005000,26.999998,30,400
59429,-55,55,-26345,26062,25.005000,26.999998,30,400
59429,-62,53,-26407,26115,24.869999,26.999998,30,400
59429,-55,53,-26462,26168,24.840002,26.999998,30,400
59429,-50,57,-26512,26225,24.944999,26.999998,30,400
59429,-55,58,-26567,26283,24.990001,26.999998,30,400
59429,-55,55,-26622,26338,24.990001,26.999998,30,400
59429,-67,56,-26689,26394,24.825000,26.999998,30,400
59429,-58,57,-26747,26451,24.810001,26.999998,30,400
59429,-53,59,-26800,26510,24.900001,26.999998,30,400
59429,-49,58,-26849,26568,25.035000,26.999998,30,400
59429,-61,57,-26910,26625,24.975001,26.999998,30,400
59429,-60,60,-26970,26685,24.975001,26.999998,30,400
59429,-56,57,-27026,26742,24.990001,26.999998,30,400
59429,-51,54,-27077,26796,25.035000,26.999998,30,400
59429,-60,57,-27137,26853,24.990001,26.999998,30,400
59429,-67,58,-27204,26911,24.854999,26.999998,30,400
59429,-57,60,-27261,26971,24.900001,26.999998,30,400
59429,-57,58,-27318,27029,24.915000,26.999998,30,400
59429,-57,60,-27375,27089,24.959999,26.999998,30,400
59429,-50,56,-27425,27145,25.049999,26.999998,30,400
59429,-58,58,-27483,27203,25.049999,26.999998,30,400
59429,-62,56,-27545,27259,24.959999,26.999998,30,400
59429,-56,51,-27601,27310,24.884998,26.999998,30,400
59429,-49,51,-27650,27361,24.915000,26.999998,30,400
59429,-51,54,-27701,27415,24.959999,26.999998,30,400
59429,-52,52,-27753,27467,24.959999,26.999998,30,400
59429,-51,54,-27804,27521,25.005000,26.999998,30,400
59429,-57,54,-27861,27575,24.959999,26.999998,30,400
59429,-56,58,-27917,27633,24.990001,26.999998,30,400
59429,-59,62,-27976,27695,25.035000,26.999998,30,400
59429,-59,53,-28035,27748,24.944999,26.999998,30,400
59429,-58,55,-28093,27803,24.900001,26.999998,30,400
59429,-52,54,-28145,27857,24.930000,26.999998,30,400
59429,-55,58,-28200,27915,24.975001,26.999998,30,400
59429,-55,68,-28255,27983,25.170001,26.999998,30,400
59429,-58,58,-28313,28041,25.170001,26.999998,30,400
59429,-62,56,-28375,28097,25.080001,26.999998,30,400
59429,-62,50,-28437,28147,24.900001,26.999998,30,400
59429,-54,57,-28491,28204,24.944999,26.999998,30,400
59429,-52,61,-28543,28265,25.080001,26.999998,30,400
59429,-57,45,-28600,28310,24.900001,26.999998,30,400
59429,-57,45,-28657,28355,24.720000,26.999998,30,400
59429,-52,57,-28709,28412,24.795001,26.999998,30,400
59429,-53,67,-28762,28479,25.005000,26.999998,30,400
59429,-58,56,-28820,28535,24.975001,26.999998,30,400
59429,-56,58,-28876,28593,25.005000,26.999998,30,400
59429,-58,58,-28934,28651,25.005000,26.999998,30,400
59429,-59,56,-28993,28707,24.959999,26.999998,30,400
59429,-53,55,-29046,28762,24.990001,26.999998,30,400
59429,-53,53,-29099,28815,24.990001,26.999998,30,400
59429,-56,53,-29155,28868,24.944999,26.999998,30,400
59429,-57,53,-29212,28921,24.884998,26.999998,30,400
59429,-49,56,-29261,28977,24.990001,26.999998,30,400
59429,-56,57,-29317,29034,24.990001,26.999998,30,400
59429,-59,51,-29376,29085,24.884998,26.999998,30,400
59429,-63,57,-29439,29142,24.795001,26.999998,30,400
59429,-56,59,-29495,29201,24.840002,26.999998,30,400
59429,-53,59,-29548,29260,24.840002,26.999998,30,400
59429,-48,59,-29596,29319,25.095001,26.999998,30,400
59429,-55,56,-29651,29375,25.109997,26.999998,30,400
59429,-64,56,-29715,29431,24.990001,26.999998,30,400
59429,-63,54,-29778,29485,24.990001,26.999998,30,400
59429,-57,58,-29835,29543,24.869999,26.999998,30,400
59429,-51,58,-29886,29601,24.975001,26.999998,30,400
59429,-55,55,-29941,29656,24.975001,26.999998,30,400
59429,-52,57,-29993,29713,24.975001,26.999998,30,400
59429,-55,54,-30048,29767,25.035000,26.999998,30,400
59429,-63,60,-30111,29827,24.990001,26.999998,30,400
59429,-62,58,-30173,29885,24.930000,26.999998,30,400
59429,-57,62,-30230,29947,24.930000,26.999998,30,400
59429,-64,61,-30294,30008,24.959999,26.999998,30,400
59429,-59,55,-30353,30063,24.900001,26.999998,30,400
59429,-51,54,-30404,30117,24.944999,26.999998,30,400
59429,-51,54,-30455,30171,24.944999,26.999998,30,400
59429,-58,53,-30513,30224,24.915000,26.999998,30,400
59429,-54,54,-30567,30278,24.915000,26.999998,30,400
59429,-54,57,-30621,30335,24.959999,26.999998,30,400
59429,-54,59,-30675,30394,24.959999,26.999998,30,400
59429,-56,59,-30731,30453,25.080001,26.999998,30,400
59429,-57,52,-30788,30505,25.005000,26.999998,30,400
59429,-60,51,-30848,30556,24.869999,26.999998,30,400
59429,-54,53,-30902,30609,24.869999,26.999998,30,400
59429,-53,55,-30955,30664,24.884998,26.999998,30,400
59429,-57,64,-31012,30728,24.990001,26.999998,30,400
59429,-55,61,-31067,30789,25.080001,26.999998,30,400
59429,-58,58,-31125,30847,25.080001,26.999998,30,400
59429,-64,54,-31189,30901,24.930000,26.999998,30,400
59429,-56,54,-31245,30955,24.900001,26.999998,30,400
59429,-52,65,-31297,31020,25.095001,26.999998,30,400
59429,-55,49,-31352,31069,25.005000,26.999998,30,400
59429,-57,42,-31409,31111,24.779999,26.999998,30,400
59429,-58,55,-31467,31166,24.735000,26.999998,30,400
59429,-56,67,-31523,31233,24.900001,26.999998,30,400
59429,-51,58,-31574,31291,25.005000,26.999998,30,400
59429,-54,56,-31628,31347,25.035000,26.999998,30,400
59429,-60,57,-31688,31404,24.990001,26.999998,30,400
59429,-65,59,-31753,31463,24.900001,26.999998,30,400
59429,-51,52,-31804,31515,24.915000,26.999998,30,400
59429,-48,54,-31852,31569,25.005000,26.999998,30,400
59429,-51,54,-31903,31623,25.049999,26.999998,30,400
59429,-61,50,-31964,31673,24.884998,26.999998,30,400
59429,-51,50,-32015,31723,24.869999,26.999998,30,400
59429,-47,54,-32062,31777,24.975001,26.999998,30,400
59429,-50,54,-32112,31831,25.035000,26.999998,30,400
59429,-54,51,-32166,31882,24.990001,26.999998,30,400
59429,-63,54,-32229,31936,24.854999,26.999998,30,400
59429,-54,56,-32283,31992,24.884998,26.999998,30,400
59429,-51,57,-32334,32049,24.975001,26.999998,30,400
59429,-47,57,-32381,32106,25.125000,26.999998,30,400
59429,-57,56,-32438,32162,25.109997,26.999998,30,400
59429,-63,59,-32501,32221,25.049999,26.999998,30,400
59429,-65,57,-32566,32278,24.930000,26.999998,30,400
59429,-57,59,-32623,32337,24.959999,26.999998,30,400
59429,-54,58,-32677,32395,25.020000,26.999998,30,400
59429,-62,59,-32739,32454,24.975001,26.999998,30,400
59429,-55,59,-32794,32513,25.035000,26.999998,30,400
59429,-57,58,-32851,32571,25.049999,26.999998,30,400
59429,-64,61,-32915,32632,25.005000,26.999998,30,400
59429,-60,58,-32975,32690,24.975001,26.999998,30,400
59429,-60,60,-33035,32750,24.975001,26.999998,30,400
59429,-56,57,-33091,32807,24.990001,26.999998,30,400
59429,-56,53,-33147,32860,24.944999,26.999998,30,400
59429,-53,52,-33200,32912,24.930000,26.999998,30,400
59429,-51,54,-33251,32966,24.975001,26.999998,30,400
59429,-52,54,-33303,33020,25.005000,26.999998,30,400
59429,-56,54,-33359,33074,24.975001,26.999998,30,400
59429,-57,57,-33416,33131,24.975001,26.999998,30,400
59429,-56,60,-33472,33191,25.035000,26.999998,30,400
59429,-55,58,-33527,33249,25.080001,26.999998,30,400
59429,-60,54,-33587,33303,24.990001,26.999998,30,400
59429,-57,54,-33644,33357,24.944999,26.999998,30,400
59429,-56,55,-33700,33412,24.930000,26.999998,30,400
59429,-59,63,-33759,33475,24.990001,26.999998,30,400
59429,-58,65,-33817,33540,25.095001,26.999998,30,400
59429,-59,58,-33876,33598,25.080001,26.999998,30,400
59429,-65,57,-33941,33655,25.080001,26.999998,30,400
59429,-59,52,-34000,33707,24.854999,26.999998,30,400
59429,-51,61,-34051,33768,25.005000,26.999998,30,400
59429,-56,57,-34107,33825,25.020000,26.999998,30,400
59429,-59,44,-34166,33869,25.020000,26.999998,30,400
59429,-58,50,-34224,33919,24.674999,26.999998,30,400
59429,-53,61,-34277,33980,24.795001,26.999998,30,400
59429,-52,63,-34329,34043,24.959999,26.999998,30,400
59429,-50,55,-34379,34098,24.959999,26.999998,30,400
59429,-55,57,-34434,34155,25.065001,26.999998,30,400
59429,-61,56,-34495,34211,24.990001,26.999998,30,400
59429,-54,51,-34549,34262,24.944999,26.999998,30,400
59429,-50,53,-34599,34315,24.944999,26.999998,30,400
59429,-53,53,-34652,34368,24.990001,26.999998,30,400
59429,-57,54,-34709,34422,24.944999,26.999998,30,400
59429,-57,53,-34766,34475,24.884998,26.999998,30,400
59429,-58,55,-36059,35773,24.959999,26.999998,30,400
59429,-52,50,-36111,35823,24.930000,26.999998,30,400
59429,-52,55,-36163,35878,24.975001,26.999998,30,400
59429,-54,59,-36217,35937,25.049999,26.999998,30,400
59429,-59,60,-36276,35997,25.065001,26.999998,30,400
59429,-61,55,-36337,36052,24.975001,26.999998,30,400
59429,-55,53,-36392,36105,24.944999,26.999998,30,400
59429,-50,54,-36442,36159,25.005000,26.999998,30,400
59429,-55,53,-36497,36212,24.975001,26.999998,30,400
59429,-58,64,-36555,36276,25.065001,26.999998,30,400
59429,-55,59,-36610,36335,25.125000,26.999998,30,400
59429,-61,57,-36671,36392,25.065001,26.999998,30,400
59429,-62,53,-36733,36445,24.930000,26.999998,30,400
59429,-53,52,-36786,36497,24.915000,26.999998,30,400
59429,-51,62,-36837,36559,25.080001,26.999998,30,400
59429,-56,51,-36893,36610,25.005000,26.999998,30,400
59429,-59,43,-36952,36653,24.765002,26.999998,30,400
59429,-59,52,-37011,36705,24.659999,26.999998,30,400
59429,-56,66,-37067,36771,24.810001,26.999998,30,400
59429,-53,63,-37120,36834,24.959999,26.999998,30,400
59429,-51,58,-37171,36892,25.065001,26.999998,30,400
59429,-56,57,-37227,36949,25.080001,26.999998,30,400
59429,-64,57,-37291,37006,24.975001,26.999998,30,400
59429,-50,51,-37341,37057,24.990001,26.999998,30,400
59429,-52,54,-37393,37111,25.020000,26.999998,30,400
59429,-55,55,-37448,37166,25.020000,26.999998,30,400
59429,-61,51,-37509,37217,24.869999,26.999998,30,400
59429,-51,50,-37560,37267,24.854999,26.999998,30,400
59429,-48,53,-37608,37320,24.930000,26.999998,30,400
59429,-51,56,-37659,37376,25.005000,26.999998,30,400
59429,-54,53,-37713,37429,24.990001,26.999998,30,400
59429,-64,52,-37777,37481,24.810001,26.999998,30,400
59429,-55,56,-37832,37537,24.825000,26.999998,30,400
59429,-49,58,-37881,37595,24.959999,26.999998,30,400
59429,-44,57,-37925,37652,25.154999,26.999998,30,400
59429,-54,55,-37979,37707,25.170001,26.999998,30,400
59429,-58,56,-38037,37763,25.139999,26.999998,30,400
59429,-63,54,-38100,37817,25.005000,26.999998,30,400
59429,-56,54,-38156,37871,24.975001,26.999998,30,400
59429,-54,59,-38210,37930,24.975001,26.999998,30,400
59429,-59,55,-38269,37985,24.990001,26.999998,30,400
59429,-60,57,-38329,38042,24.944999,26.999998,30,400
59429,-52,52,-38381,38094,24.944999,26.999998,30,400
59429,-56,59,-38437,38153,24.990001,26.999998,30,400
59429,-56,56,-38493,38209,24.990001,26.999998,30,400
59429,-58,58,-38551,38267,24.990001,26.999998,30,400
59429,-64,59,-38615,38326,24.915000,26.999998,30,400
59429,-58,54,-38673,38380,24.854999,26.999998,30,400
59429,-48,51,-38721,38431,24.854999,26.999998,30,400
59429,-47,50,-38768,38481,24.944999,26.999998,30,400
59429,-50,51,-38818,38532,24.959999,26.999998,30,400
59429,-47,51,-38865,38583,25.020000,26.999998,30,400
59429,-54,52,-38919,38635,25.020000,26.999998,30,400
59429,-58,54,-38977,38689,24.930000,26.999998,30,400
59429,-58,58,-39035,38747,24.930000,26.999998,30,400
59429,-50,56,-39085,38803,25.020000,26.999998,30,400
59429,-52,48,-39137,38851,25.020000,26.999998,30,400
59429,-53,53,-39190,38904,24.959999,26.999998,30,400
59429,-50,51,-39240,38955,24.975001,26.999998,30,400
59429,-55,58,-39295,39013,25.020000,26.999998,30,400
59429,-57,64,-39352,39077,25.020000,26.999998,30,400
59429,-60,58,-39412,39135,25.095001,26.999998,30,400
59429,-61,56,-39473,39191,25.020000,26.999998,30,400
59429,-62,52,-39535,39243,24.869999,26.999998,30,400
59429,-53,61,-39588,39304,24.869999,26.999998,30,400
59429,-57,59,-39645,39363,25.020000,26.999998,30,400
59429,-59,45,-39704,39408,24.810001,26.999998,30,400
59429,-58,48,-39762,39456,24.659999,26.999998,30,400
59429,-53,60,-39815,39516,24.659999,26.999998,30,400
59429,-52,62,-39867,39578,24.915000,26.999998,30,400
59429,-50,55,-39917,39633,24.990001,26.999998,30,400
59429,-54,58,-39971,39691,25.049999,26.999998,30,400
59429,-59,54,-40030,39745,25.049999,26.999998,30,400
59429,-54,54,-40084,39799,24.975001,26.999998,30,400
59429,-43,51,-40127,39850,25.095001,26.999998,30,400
59429,-49,54,-40176,39904,25.170001,26.999998,30,400
59429,-53,53,-40229,39957,25.170001,26.999998,30,400
59429,-60,47,-40289,40004,24.975001,26.999998,30,400
59429,-53,51,-40342,40055,24.944999,26.999998,30,400
59429,-49,54,-40391,40109,25.020000,26.999998,30,400
59429,-53,49,-40444,40158,25.020000,26.999998,30,400
59429,-55,54,-40499,40212,24.944999,26.999998,30,400
59429,-56,56,-40555,40268,24.944999,26.999998,30,400
59429,-49,56,-40604,40324,25.049999,26.999998,30,400
59429,-51,54,-40655,40378,25.095001,26.999998,30,400
59429,-55,55,-40710,40433,25.095001,26.999998,30,400
59429,-63,54,-40773,40487,24.959999,26.999998,30,400
59429,-57,57,-40830,40544,24.959999,26.999998,30,400
59429,-54,55,-40884,40599,24.975001,26.999998,30,400
59429,-45,53,-40929,40652,25.095001,26.999998,30,400
59429,-50,53,-40979,40705,25.139999,26.999998,30,400
59429,-58,50,-41037,40755,25.020000,26.999998,30,400
59429,-58,54,-41095,40809,24.959999,26.999998,30,400
59429,-54,54,-41149,40863,24.959999,26.999998,30,400
59429,-55,60,-41204,40923,25.035000,26.999998,30,400
59429,-55,56,-41259,40979,25.049999,26.999998,30,400
59429,-56,55,-41315,41034,25.035000,26.999998,30,400
59429,-64,58,-41379,41092,24.944999,26.999998,30,400
59429,-56,54,-41435,41146,24.915000,26.999998,30,400
59429,-48,51,-41483,41197,24.959999,26.999998,30,400
59429,-48,54,-41531,41251,25.049999,26.999998,30,400
59429,-57,54,-41588,41305,25.005000,26.999998,30,400
59429,-57,52,-41645,41357,24.930000,26.999998,30,400
59429,-54,56,-41699,41413,24.959999,26.999998,30,400
59429,-55,58,-41754,41471,25.005000,26.999998,30,400
59429,-58,60,-41812,41531,25.035000,26.999998,30,400
59429,-56,54,-41868,41585,25.005000,26.999998,30,400
59429,-58,52,-41926,41637,24.915000,26.999998,30,400
59429,-53,55,-41979,41692,24.944999,26.999998,30,400
59429,-52,54,-42031,41746,24.975001,26.999998,30,400
59429,-55,62,-42086,41808,25.080001,26.999998,30,400
59429,-54,60,-42140,41868,25.170001,26.999998,30,400
59429,-60,57,-42200,41925,25.125000,26.999998,30,400
59429,-62,52,-42262,41977,24.975001,26.999998,30,400
59429,-57,52,-42319,42029,24.900001,26.999998,30,400
59429,-48,61,-42367,42090,25.095001,26.999998,30,400
59429,-54,55,-42421,42145,25.109997,26.999998,30,400
59429,-56,43,-42477,42188,24.915000,26.999998,30,400
59429,-57,46,-42534,42234,24.750000,26.999998,30,400
59429,-51,59,-42585,42293,24.869999,26.999998,30,400
59429,-50,63,-42635,42356,25.065001,26.999998,30,400
59429,-48,45,-42683,42401,25.020000,26.999998,30,400
59429,-52,50,-42735,42451,24.990001,26.999998,30,400
59429,-55,50,-42790,42501,24.915000,26.999998,30,400
59429,-51,54,-42841,42555,24.959999,26.999998,30,400
59429,-37,44,-42878,42599,25.065001,26.999998,30,400
59429,-37,44,-42915,42643,25.170001,26.999998,30,400
59429,-48,47,-42963,42690,25.154999,26.999998,30,400
59429,-49,44,-43012,42734,25.080001,26.999998,30,400
59429,-53,42,-43065,42776,24.915000,26.999998,30,400
59429,-44,46,-43109,42822,24.915000,26.999998,30,400
59429,-40,48,-43149,42870,25.065001,26.999998,30,400
59429,-46,44,-43195,42914,25.035000,26.999998,30,400
59429,-46,43,-43241,42957,24.990001,26.999998,30,400
59429,-52,44,-43293,43001,24.990001,26.999998,30,400
59429,-45,48,-43338,43049,24.915000,26.999998,30,400
59429,-43,50,-43381,43099,25.020000,26.999998,30,400
59429,-44,50,-43425,43149,25.109997,26.999998,30,400
59429,-46,48,-43471,43197,25.109997,26.999998,30,400
59429,-53,48,-43524,43245,25.065001,26.999998,30,400
59429,-51,47,-43575,43292,25.005000,26.999998,30,400
59429,-52,49,-43627,43341,24.959999,26.999998,30,400
59429,-48,50,-43675,43391,24.959999,26.999998,30,400
59429,-44,52,-43719,43443,25.109997,26.999998,30,400
59429,-53,51,-43772,43494,25.080001,26.999998,30,400
59429,-61,55,-43833,43549,24.990001,26.999998,30,400
59429,-55,54,-43888,43603,24.990001,26.999998,30,400
59429,-55,55,-43943,43658,24.975001,26.999998,30,400
59429,-52,57,-43995,43715,25.049999,26.999998,30,400
59429,-52,54,-44047,43769,25.080001,26.999998,30,400
59429,-56,55,-44103,43824,25.080001,26.999998,30,400
59429,-59,55,-44162,43879,25.005000,26.999998,30,400
59429,-56,50,-44218,43929,24.915000,26.999998,30,400
59429,-49,51,-44267,43980,24.944999,26.999998,30,400
59429,-46,49,-44313,44029,24.944999,26.999998,30,400
59429,-53,50,-44366,44079,24.944999,26.999998,30,400
59429,-47,50,-44413,44129,24.990001,26.999998,30,400
59429,-53,52,-44466,44181,24.975001,26.999998,30,400
59429,-53,53,-44519,44234,24.975001,26.999998,30,400
59429,-50,56,-44569,44290,25.065001,26.999998,30,400
59429,-50,51,-44619,44341,25.080001,26.999998,30,400
59429,-51,46,-44670,44387,25.005000,26.999998,30,400
59429,-56,51,-44726,44438,25.005000,26.999998,30,400
59429,-51,50,-44777,44488,24.915000,26.999998,30,400
59429,-50,55,-44827,44543,24.990001,26.999998,30,400
59429,-57,63,-44884,44606,25.080001,26.999998,30,400
59429,-55,57,-44939,44663,25.080001,26.999998,30,400
59429,-57,54,-44996,44717,25.065001,26.999998,30,400
59429,-60,49,-45056,44766,24.900001,26.999998,30,400
59429,-52,53,-45108,44819,24.915000,26.999998,30,400
59429,-47,59,-45155,44878,25.095001,26.999998,30,400
59429,-52,46,-45207,44924,25.005000,26.999998,30,400
59429,-60,45,-45267,44969,24.779999,26.999998,30,400
59429,-62,58,-45329,45027,24.720000,26.999998,30,400
59429,-60,72,-45389,45099,24.900001,26.999998,30,400
59429,-58,66,-45447,45165,25.020000,26.999998,30,400
59429,-64,66,-45511,45231,25.049999,26.999998,30,400
59429,-68,64,-45579,45295,24.990001,26.999998,30,400
59429,-63,60,-45642,45355,24.944999,26.999998,30,400
59429,-57,60,-45699,45415,24.990001,26.999998,30,400
59429,-59,63,-45758,45478,25.049999,26.999998,30,400
59429,-68,61,-45826,45539,24.944999,26.999998,30,400
59429,-59,59,-45885,45598,24.944999,26.999998,30,400
59429,-59,65,-45944,45663,25.035000,26.999998,30,400
59429,-61,60,-46005,45723,25.020000,26.999998,30,400
59429,-70,63,-46075,45786,24.915000,26.999998,30,400
59429,-64,67,-46139,45853,24.959999,26.999998,30,400
59429,-58,67,-46197,45920,25.095001,26.999998,30,400
59429,-59,64,-46256,45984,25.170001,26.999998,30,400
59429,-70,65,-46326,46049,25.095001,26.999998,30,400
59429,-69,64,-46395,46113,25.020000,26.999998,30,400
59429,-68,64,-46463,46177,24.959999,26.999998,30,400
59429,-58,66,-46521,46243,25.080001,26.999998,30,400
59429,-68,64,-46589,46307,25.020000,26.999998,30,400
59429,-72,68,-46661,46375,24.959999,26.999998,30,400
59429,-70,72,-46731,46447,24.990001,26.999998,30,400
59429,-70,71,-46801,46518,25.005000,26.999998,30,400
59429,-72,73,-46873,46591,25.020000,26.999998,30,400
59429,-79,72,-46952,46663,24.915000,26.999998,30,400
59429,-69,66,-47021,46729,24.869999,26.999998,30,400
59429,-63,68,-47084,46797,24.944999,26.999998,30,400
59429,-67,70,-47151,46867,24.990001,26.999998,30,400
59429,-67,67,-47218,46934,24.990001,26.999998,30,400
59429,-76,71,-47294,47005,24.915000,26.999998,30,400
59429,-73,76,-47367,47081,24.959999,26.999998,30,400
59429,-63,68,-47430,47149,25.035000,26.999998,30,400
59429,-67,66,-47497,47215,25.020000,26.999998,30,400
59429,-74,68,-47571,47283,24.930000,26.999998,30,400
59429,-74,78,-47645,47361,24.990001,26.999998,30,400
59429,-72,77,-47717,47438,25.065001,26.999998,30,400
59429,-73,71,-47790,47509,25.035000,26.999998,30,400
59429,-75,66,-47865,47575,24.900001,26.999998,30,400
59429,-68,75,-47933,47650,25.005000,26.999998,30,400
59429,-71,65,-48004,47715,24.915000,26.999998,30,400
59429,-71,64,-48075,47779,24.810001,26.999998,30,400
59429,-65,72,-48140,47851,24.915000,26.999998,30,400
59429,-64,74,-48204,47925,25.065001,26.999998,30,400
59429,-68,71,-48272,47996,25.109997,26.999998,30,400
59429,-73,70,-48345,48066,25.065001,26.999998,30,400
59429,-73,70,-48418,48136,25.020000,26.999998,30,400
59429,-72,70,-48490,48206,25.020000,26.999998,30,400
59429,-73,70,-48563,48276,24.944999,26.999998,30,400
59429,-70,68,-48633,48344,24.915000,26.999998,30,400
59429,-61,71,-48694,48415,25.065001,26.999998,30,400
59429,-67,68,-48761,48483,25.065001,26.999998,30,400
59429,-76,69,-48837,48552,24.975001,26.999998,30,400
59429,-72,69,-48909,48621,24.930000,26.999998,30,400
59429,-62,70,-48971,48691,25.049999,26.999998,30,400
59429,-66,72,-49037,48763,25.049999,26.999998,30,400
59429,-74,71,-49111,48834,25.095001,26.999998,30,400
59429,-76,69,-49187,48903,24.990001,26.999998,30,400
59429,-71,70,-49258,48973,24.975001,26.999998,30,400
59429,-70,72,-49328,49045,24.975001,26.999998,30,400
59429,-74,72,-49402,49117,24.975001,26.999998,30,400
59429,-70,70,-49472,49187,24.975001,26.999998,30,400
59429,-69,71,-49541,49258,25.005000,26.999998,30,400
59429,-68,71,-49609,49329,25.005000,26.999998,30,400
59429,-76,74,-49685,49403,25.020000,26.999998,30,400
59429,-76,68,-49761,49471,24.900001,26.999998,30,400
59429,-69,68,-49830,49539,24.884998,26.999998,30,400
59429,-67,68,-49897,49607,24.884998,26.999998,30,400
59429,-63,67,-49960,49674,24.959999,26.999998,30,400
59429,-62,67,-50022,49741,25.035000,26.999998,30,400
59429,-71,71,-50093,49812,25.035000,26.999998,30,400
59429,-73,71,-50166,49883,25.035000,26.999998,30,400
59429,-73,67,-50239,49950,24.915000,26.999998,30,400
59429,-67,66,-50306,50016,24.900001,26.999998,30,400
59429,-65,69,-50371,50085,24.959999,26.999998,30,400
59429,-65,76,-50436,50161,24.959999,26.999998,30,400
59429,-67,71,-50503,50232,25.184998,26.999998,30,400
59429,-74,67,-50577,50299,25.080001,26.999998,30,400
59429,-76,70,-50653,50369,24.990001,26.999998,30,400
59429,-74,76,-50727,50445,24.990001,26.999998,30,400
59429,-73,63,-50800,50508,24.869999,26.999998,30,400
59429,-67,66,-50867,50574,24.854999,26.999998,30,400
59429,-60,79,-50927,50653,25.139999,26.999998,30,400
59429,-64,68,-50991,50721,25.200000,26.999998,30,400
59429,-69,70,-51060,50791,25.215000,26.999998,30,400
59429,-70,68,-51130,50859,25.184998,26.999998,30,400
59429,-65,64,-51195,50923,25.170001,26.999998,30,400
59429,-67,69,-51262,50992,25.200000,26.999998,30,400
59429,-68,67,-51330,51059,25.184998,26.999998,30,400
59429,-71,64,-51401,51123,25.080001,26.999998,30,400
59429,-67,68,-51468,51191,25.095001,26.999998,30,400
59429,-70,68,-51538,51259,25.065001,26.999998,30,400
59429,-76,68,-51614,51327,24.944999,26.999998,30,400
59429,-69,70,-51683,51397,24.959999,26.999998,30,400
59429,-60,70,-51743,51467,25.109997,26.999998,30,400
59429,-62,69,-51805,51536,25.215000,26.999998,30,400
59429,-74,71,-51879,51607,25.170001,26.999998,30,400
59429,-74,70,-51953,51677,25.109997,26.999998,30,400
59429,-71,68,-52024,51745,25.065001,26.999998,30,400
59429,-73,71,-52097,51816,25.035000,26.999998,30,400
59429,-76,73,-52173,51889,24.990001,26.999998,30,400
59429,-74,71,-52247,51960,24.944999,26.999998,30,400
59429,-70,73,-52317,52033,24.990001,26.999998,30,400
59429,-65,69,-52382,52102,25.049999,26.999998,30,400
59429,-74,70,-52456,52172,24.990001,26.999998,30,400
59429,-75,69,-52531,52241,24.900001,26.999998,30,400
59429,-64,66,-52595,52307,24.930000,26.999998,30,400
59429,-61,65,-52656,52372,24.990001,26.999998,30,400
59429,-67,67,-52723,52439,24.990001,26.999998,30,400
59429,-72,68,-52795,52507,24.930000,26.999998,30,400
59429,-69,72,-52864,52579,24.975001,26.999998,30,400
59429,-64,73,-52928,52652,25.109997,26.999998,30,400
59429,-65,65,-52993,52717,25.109997,26.999998,30,400
59429,-71,67,-53064,52784,25.049999,26.999998,30,400
59429,-75,69,-53139,52853,24.959999,26.999998,30,400
59429,-71,80,-53210,52933,25.095001,26.999998,30,400
59429,-69,72,-53279,53005,25.139999,26.999998,30,400
59429,-73,67,-53352,53072,25.049999,26.999998,30,400
59429,-73,67,-53425,53139,24.959999,26.999998,30,400
59429,-68,74,-53493,53213,24.810001,26.999998,30,400
59429,-64,62,-53557,53275,24.540000,26.999998,30,400
59429,-66,62,-53623,53337,24.232502,26.999998,30,400
59429,-63,76,-53686,53413,24.191250,26.999998,30,400
59429,-61,68,-53747,53481,24.067501,26.824502,30,400
59429,-60,70,-53807,53551,23.992501,26.588249,30,400
59429,-58,68,-53865,53619,23.925001,26.358750,30,400
59429,-61,67,-53926,53686,23.786250,26.132626,30,400
59429,-53,65,-53979,53751,23.767499,25.913249,30,400
59429,-56,64,-54035,53815,23.677501,25.697252,30,400
59429,-56,62,-54091,53877,23.677501,25.488001,30,400
59429,-63,67,-54154,53944,23.381251,25.261875,30,400
59429,-55,65,-54209,54009,23.325002,25.042501,30,400
59429,-61,66,-54270,54075,23.208752,24.819751,30,400
59429,-60,61,-54330,54136,23.208752,24.613873,30,400
59429,-65,58,-54395,54194,22.612500,24.418125,30,400
59429,-63,57,-54458,54251,22.286249,24.225750,30,400
59429,-59,55,-54517,54306,22.005000,24.040124,30,400
59429,-54,55,-54571,54361,22.005000,23.854501,30,400
59429,-60,54,-54631,54415,21.502500,23.672252,30,400
59429,-56,54,-54687,54469,21.262500,23.490000,30,400
59429,-53,54,-54740,54523,21.078752,23.307748,30,400
59429,-44,53,-54784,54576,21.078752,23.128877,30,400
59429,-40,51,-54824,54627,21.086250,22.956751,30,400
59429,-45,50,-54869,54677,21.030000,22.788000,30,400
59429,-49,49,-54918,54726,20.846248,22.622626,30,400
59429,-43,53,-54961,54779,20.846248,22.443750,30,400
59429,-44,51,-55005,54830,20.902501,22.271627,30,400
59429,-48,51,-55053,54881,20.789999,22.099502,30,400
59429,-49,54,-55102,54935,20.718750,21.917251,30,400
59429,-44,51,-55146,54986,20.718750,21.745126,30,400
59429,-46,44,-55192,55030,20.493749,21.596625,30,400
59429,-49,45,-55241,55075,20.220004,21.444751,30,400
59429,-46,48,-55287,55123,20.092499,21.282748,30,400
59429,-44,42,-55331,55165,20.092499,21.141001,30,400
59429,-42,36,-55373,55201,19.589998,21.019502,30,400
59429,-40,36,-55413,55237,19.350000,20.898000,30,400
59429,-44,40,-55457,55277,19.095002,20.763000,30,400
59429,-40,40,-55497,55317,19.095002,20.628001,30,400
59429,-44,42,-55541,55359,18.735001,20.486250,30,400
59429,-44,42,-55585,55401,18.525001,20.344501,30,400
59429,-42,34,-55627,55435,18.187500,20.229750,30,400
59429,-40,32,-55667,55467,18.187500,20.121751,30,400
59429,-34,34,-55701,55501,17.730002,20.007001,30,400
59429,-32,39,-55733,55540,17.767500,19.875376,30,400
59429,-29,31,-55762,55571,17.703751,19.770752,30,400
59429,-27,34,-55789,55605,17.703751,19.770752,30,400
59429,-23,41,-55812,55646,18.078750,19.517627,30,400
59429,-28,45,-55840,55691,18.356251,19.365752,30,400
59429,-38,38,-55878,55729,18.213750,19.237500,30,400
59429,-43,35,-55921,55764,17.872501,19.119374,30,400
59429,-44,35,-55965,55799,17.505002,19.001249,30,400
59429,-32,32,-55997,55831,17.385001,18.893252,30,400
59429,-33,29,-56030,55860,17.171251,18.795376,30,400
59429,-25,31,-56055,55891,17.212500,18.690751,30,400
59429,-26,40,-56081,55931,17.430002,18.555752,30,400
59429,-30,44,-56111,55975,17.632502,18.407251,30,400
59429,-31,32,-56142,56007,17.538751,18.299251,30,400
59429,-22,13,-56164,56020,17.253750,18.255377,30,400
59429,-15,10,-56179,56030,17.085000,18.221625,30,400
59429,-10,13,-56189,56043,17.115000,18.177749,30,400
59429,-11,17,-56200,56060,17.208751,18.120375,30,400
59429,-15,24,-56215,56084,17.355000,18.039375,30,400
59429,-24,36,-56239,56120,17.534999,17.917875,30,400
59429,-30,46,-56269,56166,17.782501,17.762627,30,400
59429,-32,37,-56301,56203,17.775002,17.637749,30,400
59429,-26,22,-56327,56225,17.587501,17.563501,30,400
59429,-29,15,-56356,56240,17.163751,17.512876,30,400
59429,-31,14,-56387,56254,16.665001,17.465624,30,400
59429,-25,17,-56412,56271,16.391250,17.408252,30,400
59429,-22,24,-56434,56295,16.353749,17.327250,30,400
59429,-25,26,-56459,56321,16.282499,17.239500,30,400
59429,-29,19,-56488,56340,15.948750,17.175374,30,400
59429,-25,21,-56513,56361,15.765001,17.104500,30,400
59429,-19,24,-56532,56385,15.806250,17.023500,30,400
59429,-21,25,-56553,56410,15.817499,16.939125,30,400
59429,-22,14,-56575,56424,15.554998,16.891875,30,400
59429,-15,13,-56590,56437,15.453749,16.848000,30,400
59429,-14,14,-56604,56451,15.401251,16.800751,30,400
59429,-17,20,-56621,56471,15.405001,16.733250,30,400
59429,-25,23,-56646,56494,15.266250,16.655625,30,400
59429,-26,25,-56672,56519,15.146251,16.571250,30,400
59429,-18,19,-56690,56538,15.101251,16.507126,30,400
59429,-18,19,-56708,56557,15.056251,16.443001,30,400
59429,-14,15,-56722,56572,15.026250,16.392374,30,400
59429,-11,13,-56733,56585,15.030000,16.348500,30,400
59429,-12,9,-56745,56594,14.917500,16.318125,30,400
59429,-13,11,-56758,56605,14.823751,16.280999,30,400
59429,-16,12,-56774,56617,14.673749,16.240501,30,400
59429,-16,14,-56790,56631,14.568750,16.193251,30,400
59429,-18,18,-56808,56649,14.501252,16.132500,30,400
59429,-15,19,-56823,56668,14.535000,16.068375,30,400
59429,-14,16,-56837,56684,14.527500,16.014375,30,400
59429,-14,17,-56851,56701,14.542501,15.957000,30,400
59429,-20,20,-56871,56721,14.467500,15.889501,30,400
59429,-28,24,-56899,56745,14.272501,15.808500,30,400
59429,-17,18,-56916,56763,14.272501,15.747749,30,400
59429,-1,10,-56917,56773,14.430002,15.714001,30,400
59429,-3,6,-56920,56779,14.486251,15.693749,30,400
59429,-4,9,-56924,56788,14.583751,15.663374,30,400
59429,0,13,-56924,56801,14.583751,15.619500,30,400
59429,0,16,-56924,56817,15.236250,15.565500,30,400
59429,0,16,-56924,56833,15.596251,15.511501,30,400
59429,0,11,-56924,56844,15.843750,15.474375,30,400
59429,0,11,-56924,56855,15.843750,15.437251,30,400
59429,-1,9,-56925,56864,16.267501,15.406876,30,400
59429,0,13,-56925,56877,16.560003,15.363002,30,400
59429,0,13,-56925,56890,16.852501,15.319126,30,400
59429,0,16,-56925,56906,16.852501,15.265124,30,400
59429,0,13,-56925,56919,17.505002,15.221250,30,400
59429,0,10,-56925,56929,17.700002,15.187499,30,400
59429,0,12,-56925,56941,17.880001,15.147000,30,400
59429,-2,14,-56927,56955,17.880001,15.099751,30,400
59429,-14,18,-56941,56973,18.060000,15.039000,30,400
59429,-23,20,-56964,56993,17.928751,14.971501,30,400
59429,-28,20,-56992,57013,17.703751,14.904001,30,400
59429,-33,20,-57025,57033,17.703751,14.836500,30,400
59429,-30,22,-57055,57055,17.152501,14.762251,30,400
59429,-22,20,-57077,57075,17.025000,14.694750,30,400
59429,-21,20,-57098,57095,16.923751,14.627250,30,400
59429,-25,20,-57123,57115,16.923751,14.559751,30,400
59429,-30,25,-57153,57140,16.492502,14.475376,30,400
59429,-25,23,-57178,57163,16.353749,14.397751,30,400
59429,-18,17,-57196,57180,16.263749,14.340376,30,400
59429,-17,16,-57213,57196,16.263749,14.286374,30,400
59429,-19,21,-57232,57217,16.151251,14.215501,30,400
59429,-22,20,-57254,57237,16.023751,14.148001,30,400
59429,-19,13,-57273,57250,15.817500,14.104125,30,400
59429,-11,5,-57284,57255,15.817500,14.087251,30,400
59429,-8,8,-57292,57263,15.611250,14.060251,30,400
59429,-7,8,-57299,57271,15.607501,14.033249,30,400
59429,-8,8,-57307,57279,15.577500,14.006251,30,400
59429,-10,6,-57317,57285,15.450000,13.986000,30,400
59429,-12,12,-57329,57297,15.405000,13.945499,30,400
59429,-18,15,-57347,57312,15.270000,13.894876,30,400
59429,-23,13,-57370,57325,14.958751,13.851001,30,400
59429,-21,10,-57391,57335,14.632500,13.817250,30,400
59429,-14,8,-57405,57343,14.445000,13.790250,30,400
59429,-4,2,-57409,57345,14.385001,13.783500,30,400
59429,0,2,-57409,57347,14.430000,13.776749,30,400
59429,0,3,-57409,57350,14.497500,13.766626,30,400
59429,0,3,-57409,57353,14.564999,13.756500,30,400
59429,0,0,-57409,57353,14.564999,13.756500,30,400
59429,0,0,-57409,57353,14.564999,13.756500,30,400
59429,0,0,-57409,57353,14.564999,13.756500,30,400
59429,0,0,-57409,57353,14.564999,13.756500,30,400
59429,0,0,-57409,57353,14.564999,13.756500,30,400
59429,0,0,-57409,57353,14.564999,13.756500,30,400
59429,0,0,-57409,57353,14.564999,13.756500,30,400
59429,0,0,-57409,57353,14.564999,13.756500,30,400
59429,0,0,-57409,57353,14.564999,13.756500,30,400
59429,0,0,-57409,57353,14.564999,13.756500,30,400
59429,0,0,-57409,57353,14.564999,13.756500,30,400
59429,0,0,-57409,57353,14.564999,13.756500,30,400
59429,0,0,-57409,57353,14.564999,13.756500,30,400
59429,0,0,-57409,57353,14.564999,13.756500,30,400
59429,0,0,-57409,57353,14.564999,13.756500,30,400
59429,0,0,-57409,57353,14.564999,13.756500,30,400
59429,0,0,-57409,57353,14.564999,13.756500,30,400
59429,0,0,-57409,57353,14.564999,13.756500,30,400
59429,0,0,-57409,57353,14.564999,13.756500,30,400
59429,0,0,-57409,57353,14.564999,13.756500,30,400
59429,0,0,-57409,57353,14.564999,13.756500,30,400
59429,0,0,-57409,57353,14.564999,13.756500,30,400
59429,0,0,-57409,57353,14.564999,13.756500,30,400
59429,0,0,-57409,57353,14.564999,13.756500,30,400
59429,0,0,-57409,57353,14.564999,13.756500,30,400
59429,0,0,-57409,57353,14.564999,13.756500,30,400
59429,0,0,-57409,57353,14.564999,13.756500,30,400
59429,0,0,-57409,57353,14.564999,13.756500,30,400
59429,0,0,-57409,57353,14.564999,13.756500,30,400
59429,0,0,-57409,57353,14.564999,13.756500,30,400
59429,0,0,-57409,57353,14.564999,13.756500,30,400
59429,0,0,-57409,57353,14.564999,13.756500,30,400
59429,0,0,-57409,57353,14.564999,13.756500,30,400
59429,0,0,-57409,57353,14.564999,13.756500,30,400
59429,0,0,-57409,57353,14.564999,13.756500,30,400
59429,0,0,-57409,57353,14.564999,13.756500,30,400
59429,0,0,-57409,57353,14.564999,13.756500,30,400
59429,0,0,-57409,57353,14.564999,13.756500,30,400
59429,0,0,-57409,57353,14.564999,13.756500,30,400
59429,0,0,-57409,57353,14.564999,13.756500,30,400
59429,0,0,-57409,57353,14.564999,13.756500,30,400
59429,0,0,-57409,57353,14.564999,13.756500,30,400
59429,0,0,-57409,57353,14.564999,13.756500,30,400
59429,0,0,-57409,57353,14.564999,13.756500,30,400
