44571,0,-3,0,-3,0.000000,26.999998,30,400
44571,-23,4,-23,1,29.999998,26.999998,30,400
44571,-54,10,-77,11,29.265002,26.999998,30,400
44571,-70,17,-147,28,29.265002,26.999998,30,400
44571,-71,28,-218,56,27.105001,26.999998,30,400
44571,-65,38,-283,94,26.497500,26.999998,30,400
44571,-66,56,-349,150,26.272499,26.999998,30,400
44571,-62,63,-411,213,26.272499,26.999998,30,400
44571,-61,55,-472,268,26.190000,26.999998,30,400
44571,-64,58,-536,326,26.099999,26.999998,30,400
44571,-60,53,-596,379,25.995000,26.999998,30,400
44571,-65,60,-661,439,25.919999,26.999998,30,400
44571,-64,55,-725,494,25.785000,26.999998,30,400
44571,-67,59,-792,553,25.665001,26.999998,30,400
44571,-63,56,-855,609,25.559998,26.999998,30,400
44571,-62,53,-917,662,25.424999,26.999998,30,400
44571,-65,61,-982,723,25.424999,26.999998,30,400
44571,-65,59,-1047,782,25.275001,26.999998,30,400
44571,-64,58,-1111,840,25.184998,26.999998,30,400
44571,-58,55,-1169,895,25.139999,26.999998,30,400
44571,-64,57,-1233,952,25.139999,26.999998,30,400
44571,-60,59,-1293,1011,25.020000,26.999998,30,400
44571,-62,59,-1355,1070,24.975001,26.999998,30,400
44571,-59,56,-1414,1126,24.930000,26.999998,30,400
44571,-58,59,-1472,1185,24.930000,26.999998,30,400
44571,-57,55,-1529,1240,24.915000,26.999998,30,400
44571,-58,59,-1587,1299,24.930000,26.999998,30,400
44571,-57,59,-1644,1358,24.959999,26.999998,30,400
44571,-57,60,-1701,1418,24.959999,26.999998,30,400
44571,-62,59,-1763,1477,24.959999,26.999998,30,400
44571,-57,61,-1820,1538,25.020000,26.999998,30,400
44571,-54,56,-1874,1594,25.049999,26.999998,30,400
44571,-58,58,-1932,1652,25.049999,26.999998,30,400
44571,-65,58,-1997,1710,24.944999,26.999998,30,400
44571,-58,58,-2055,1768,24.944999,26.999998,30,400
44571,-54,53,-2109,1821,24.930000,26.999998,30,400
44571,-54,55,-2163,1876,24.930000,26.999998,30,400
44571,-57,56,-2220,1932,24.930000,26.999998,30,400
44571,-58,54,-2278,1986,24.869999,26.999998,30,400
44571,-51,55,-2329,2041,24.930000,26.999998,30,400
44571,-51,55,-2380,2096,24.930000,26.999998,30,400
44571,-55,58,-2435,2154,25.035000,26.999998,30,400
44571,-64,52,-2499,2206,24.854999,26.999998,30,400
44571,-59,53,-2558,2259,24.765002,26.999998,30,400
44571,-49,51,-2607,2310,24.765002,26.999998,30,400
44571,-46,46,-2653,2356,24.795001,26.999998,30,400
44571,-47,51,-2700,2407,24.854999,26.999998,30,400
44571,-57,62,-2757,2469,24.930000,26.999998,30,400
44571,-55,56,-2812,2525,24.930000,26.999998,30,400
44571,-55,53,-2867,2578,24.915000,26.999998,30,400
44571,-53,48,-2920,2626,24.840002,26.999998,30,400
44571,-54,52,-2974,2678,24.810001,26.999998,30,400
44571,-55,63,-3029,2741,24.810001,26.999998,30,400
44571,-57,53,-3086,2794,24.869999,26.999998,30,400
44571,-52,43,-3138,2837,24.735000,26.999998,30,400
44571,-51,49,-3189,2886,24.705001,26.999998,30,400
44571,-53,61,-3242,2947,24.825000,26.999998,30,400
44571,-56,59,-3298,3006,24.869999,26.999998,30,400
44571,-53,51,-3351,3057,24.840002,26.999998,30,400
44571,-57,58,-3408,3115,24.854999,26.999998,30,400
44571,-55,54,-3463,3169,24.840002,26.999998,30,400
44571,-56,56,-3519,3225,24.840002,26.999998,30,400
44571,-55,54,-3574,3279,24.825000,26.999998,30,400
44571,-51,54,-3625,3333,24.869999,26.999998,30,400
44571,-45,47,-3670,3380,24.900001,26.999998,30,400
44571,-50,46,-3720,3426,24.900001,26.999998,30,400
44571,-55,54,-3775,3480,24.825000,26.999998,30,400
44571,-56,54,-3831,3534,24.795001,26.999998,30,400
44571,-54,53,-3885,3587,24.779999,26.999998,30,400
44571,-47,48,-3932,3635,24.779999,26.999998,30,400
44571,-53,52,-3985,3687,24.779999,26.999998,30,400
44571,-52,51,-4037,3738,24.765002,26.999998,30,400
44571,-47,52,-4084,3790,24.840002,26.999998,30,400
44571,-50,51,-4134,3841,24.840002,26.999998,30,400
44571,-52,51,-4186,3892,24.840002,26.999998,30,400
44571,-55,56,-4241,3948,24.854999,26.999998,30,400
44571,-56,53,-4297,4001,24.810001,26.999998,30,400
44571,-54,55,-4351,4056,24.810001,26.999998,30,400
44571,-51,52,-4402,4108,24.840002,26.999998,30,400
44571,-52,53,-4454,4161,24.854999,26.999998,30,400
44571,-53,55,-4507,4216,24.884998,26.999998,30,400
44571,-52,52,-4559,4268,24.884998,26.999998,30,400
44571,-46,52,-4605,4320,24.975001,26.999998,30,400
44571,-47,52,-4652,4372,25.049999,26.999998,30,400
44571,-51,52,-4703,4424,25.065001,26.999998,30,400
44571,-59,51,-4762,4475,25.065001,26.999998,30,400
44571,-55,53,-4817,4528,24.915000,26.999998,30,400
44571,-47,45,-4864,4573,24.884998,26.999998,30,400
44571,-51,50,-4915,4623,24.869999,26.999998,30,400
44571,-48,51,-4963,4674,24.869999,26.999998,30,400
44571,-55,52,-5018,4726,24.869999,26.999998,30,400
44571,-50,49,-5068,4775,24.854999,26.999998,30,400
44571,-46,51,-5114,4826,24.930000,26.999998,30,400
44571,-44,51,-5158,4877,24.930000,26.999998,30,400
44571,-52,57,-5210,4934,25.109997,26.999998,30,400
44571,-62,50,-5272,4984,24.930000,26.999998,30,400
44571,-61,54,-5333,5038,24.825000,26.999998,30,400
44571,-52,50,-5385,5088,24.795001,26.999998,30,400
44571,-45,45,-5430,5133,24.795001,26.999998,30,400
44571,-47,53,-5477,5186,24.884998,26.999998,30,400
44571,-56,63,-5533,5249,24.990001,26.999998,30,400
44571,-58,53,-5591,5302,24.915000,26.999998,30,400
44571,-61,53,-5652,5355,24.915000,26.999998,30,400
44571,-53,47,-5705,5402,24.705001,26.999998,30,400
44571,-55,54,-5760,5456,24.690001,26.999998,30,400
44571,-53,64,-5813,5520,24.854999,26.999998,30,400
44571,-56,50,-5869,5570,24.854999,26.999998,30,400
44571,-48,40,-5917,5610,24.645000,26.999998,30,400
44571,-50,50,-5967,5660,24.645000,26.999998,30,400
44571,-52,63,-6019,5723,24.810001,26.999998,30,400
44571,-54,54,-6073,5777,24.810001,26.999998,30,400
44571,-53,51,-6126,5828,24.779999,26.999998,30,400
44571,-52,55,-6178,5883,24.825000,26.999998,30,400
44571,-54,53,-6232,5936,24.810001,26.999998,30,400
44571,-56,56,-6288,5992,24.810001,26.999998,30,400
44571,-53,53,-6341,6045,24.810001,26.999998,30,400
44571,-50,51,-6391,6096,24.825000,26.999998,30,400
44571,-49,50,-6440,6146,24.840002,26.999998,30,400
44571,-51,49,-6491,6195,24.840002,26.999998,30,400
44571,-55,57,-6546,6252,24.840002,26.999998,30,400
44571,-57,57,-6603,6309,24.840002,26.999998,30,400
44571,-54,52,-6657,6361,24.810001,26.999998,30,400
44571,-50,51,-6707,6412,24.810001,26.999998,30,400
44571,-56,52,-6763,6464,24.765002,26.999998,30,400
44571,-51,52,-6814,6516,24.779999,26.999998,30,400
44571,-48,55,-6862,6571,24.884998,26.999998,30,400
44571,-52,55,-6914,6626,24.884998,26.999998,30,400
44571,-51,52,-6965,6678,24.944999,26.999998,30,400
44571,-56,56,-7021,6734,24.944999,26.999998,30,400
44571,-54,52,-7075,6786,24.915000,26.999998,30,400
44571,-55,54,-7130,6840,24.915000,26.999998,30,400
44571,-53,56,-7183,6896,24.944999,26.999998,30,400
44571,-52,54,-7235,6950,24.975001,26.999998,30,400
44571,-52,56,-7287,7006,25.035000,26.999998,30,400
44571,-54,53,-7341,7059,25.035000,26.999998,30,400
44571,-53,53,-7394,7112,25.020000,26.999998,30,400
44571,-59,55,-7453,7167,24.959999,26.999998,30,400
44571,-54,54,-7507,7221,24.959999,26.999998,30,400
44571,-56,55,-7563,7276,24.944999,26.999998,30,400
44571,-48,50,-7611,7326,24.975001,26.999998,30,400
44571,-50,46,-7661,7372,24.915000,26.999998,30,400
44571,-48,49,-7709,7421,24.930000,26.999998,30,400
44571,-50,51,-7759,7472,24.944999,26.999998,30,400
44571,-56,53,-7815,7525,24.944999,26.999998,30,400
44571,-51,52,-7866,7577,24.915000,26.999998,30,400
44571,-51,54,-7917,7631,24.959999,26.999998,30,400
44571,-46,54,-7963,7685,25.080001,26.999998,30,400
44571,-57,54,-8020,7739,25.080001,26.999998,30,400
44571,-59,44,-8079,7783,24.810001,26.999998,30,400
44571,-56,49,-8135,7832,24.705001,26.999998,30,400
44571,-48,51,-8183,7883,24.750000,26.999998,30,400
44571,-47,52,-8230,7935,24.750000,26.999998,30,400
44571,-55,59,-8285,7994,24.884998,26.999998,30,400
44571,-55,55,-8340,8049,24.884998,26.999998,30,400
44571,-54,54,-8394,8103,24.884998,26.999998,30,400
44571,-51,49,-8445,8152,24.884998,26.999998,30,400
44571,-53,48,-8498,8200,24.779999,26.999998,30,400
44571,-57,60,-8555,8260,24.825000,26.999998,30,400
44571,-58,62,-8613,8322,24.884998,26.999998,30,400
44571,-53,44,-8666,8366,24.884998,26.999998,30,400
44571,-50,48,-8716,8414,24.720000,26.999998,30,400
44571,-54,62,-8770,8476,24.840002,26.999998,30,400
44571,-58,64,-8828,8540,24.930000,26.999998,30,400
44571,-57,58,-8885,8598,24.930000,26.999998,30,400
44571,-58,62,-8943,8660,25.005000,26.999998,30,400
44571,-66,60,-9009,8720,24.915000,26.999998,30,400
44571,-64,62,-9073,8782,24.884998,26.999998,30,400
44571,-59,60,-9132,8842,24.884998,26.999998,30,400
44571,-57,60,-9189,8902,24.944999,26.999998,30,400
44571,-51,55,-9240,8957,25.005000,26.999998,30,400
44571,-61,58,-9301,9015,24.959999,26.999998,30,400
44571,-64,60,-9365,9075,24.959999,26.999998,30,400
44571,-60,61,-9425,9136,24.915000,26.999998,30,400
44571,-54,56,-9479,9192,24.944999,26.999998,30,400
44571,-58,60,-9537,9252,24.975001,26.999998,30,400
44571,-55,58,-9592,9310,24.975001,26.999998,30,400
44571,-55,60,-9647,9370,25.095001,26.999998,30,400
44571,-68,60,-9715,9430,24.975001,26.999998,30,400
44571,-64,62,-9779,9492,24.944999,26.999998,30,400
44571,-65,62,-9844,9554,24.944999,26.999998,30,400
44571,-61,62,-9905,9616,24.915000,26.999998,30,400
44571,-56,61,-9961,9677,24.990001,26.999998,30,400
44571,-59,64,-10020,9741,25.065001,26.999998,30,400
44571,-66,61,-10086,9802,24.990001,26.999998,30,400
44571,-62,59,-10148,9861,24.944999,26.999998,30,400
44571,-60,61,-10208,9922,24.959999,26.999998,30,400
44571,-55,61,-10263,9983,25.049999,26.999998,30,400
44571,-64,60,-10327,10043,24.990001,26.999998,30,400
44571,-62,56,-10389,10099,24.990001,26.999998,30,400
44571,-59,52,-10448,10151,24.795001,26.999998,30,400
44571,-56,58,-10504,10209,24.825000,26.999998,30,400
44571,-59,58,-10563,10267,24.810001,26.999998,30,400
44571,-58,57,-10621,10324,24.810001,26.999998,30,400
44571,-54,59,-10675,10383,24.869999,26.999998,30,400
44571,-51,59,-10726,10442,24.990001,26.999998,30,400
44571,-62,62,-10788,10504,24.990001,26.999998,30,400
44571,-66,54,-10854,10558,24.990001,26.999998,30,400
44571,-62,57,-10916,10615,24.735000,26.999998,30,400
44571,-53,57,-10969,10672,24.795001,26.999998,30,400
44571,-57,62,-11026,10734,24.869999,26.999998,30,400
44571,-65,69,-11091,10803,24.869999,26.999998,30,400
44571,-61,63,-11152,10866,24.959999,26.999998,30,400
44571,-61,58,-11213,10924,24.915000,26.999998,30,400
44571,-58,55,-11271,10979,24.869999,26.999998,30,400
44571,-61,67,-11332,11046,24.869999,26.999998,30,400
44571,-61,61,-11393,11107,24.959999,26.999998,30,400
44571,-57,51,-11450,11158,24.869999,26.999998,30,400
44571,-54,59,-11504,11217,24.944999,26.999998,30,400
44571,-57,69,-11561,11286,24.944999,26.999998,30,400
44571,-63,58,-11624,11344,25.049999,26.999998,30,400
44571,-68,63,-11692,11407,24.975001,26.999998,30,400
44571,-65,61,-11757,11468,24.915000,26.999998,30,400
44571,-63,66,-11820,11534,24.915000,26.999998,30,400
44571,-59,61,-11879,11595,24.990001,26.999998,30,400
44571,-61,61,-11940,11656,24.990001,26.999998,30,400
44571,-61,57,-12001,11713,24.930000,26.999998,30,400
44571,-65,60,-12066,11773,24.930000,26.999998,30,400
44571,-64,65,-12130,11838,24.869999,26.999998,30,400
44571,-59,62,-12189,11900,24.915000,26.999998,30,400
44571,-52,59,-12241,11959,25.020000,26.999998,30,400
44571,-63,61,-12304,12020,25.020000,26.999998,30,400
44571,-65,59,-12369,12079,24.900001,26.999998,30,400
44571,-63,64,-12432,12143,24.915000,26.999998,30,400
44571,-61,61,-12493,12204,24.915000,26.999998,30,400
44571,-62,64,-12555,12268,24.944999,26.999998,30,400
44571,-62,61,-12617,12329,24.930000,26.999998,30,400
44571,-58,61,-12675,12390,24.975001,26.999998,30,400
44571,-58,60,-12733,12450,25.005000,26.999998,30,400
44571,-60,60,-12793,12510,25.005000,26.999998,30,400
44571,-65,61,-12858,12571,25.005000,26.999998,30,400
44571,-57,61,-12915,12632,25.005000,26.999998,30,400
44571,-58,60,-12973,12692,25.035000,26.999998,30,400
44571,-62,62,-13035,12754,25.035000,26.999998,30,400
44571,-68,62,-13103,12816,25.035000,26.999998,30,400
44571,-57,58,-13160,12874,24.959999,26.999998,30,400
44571,-56,56,-13216,12930,24.959999,26.999998,30,400
44571,-55,58,-13271,12988,25.005000,26.999998,30,400
44571,-65,60,-13336,13048,25.005000,26.999998,30,400
44571,-59,59,-13395,13107,24.930000,26.999998,30,400
44571,-56,60,-13451,13167,24.990001,26.999998,30,400
44571,-59,62,-13510,13229,25.035000,26.999998,30,400
44571,-68,63,-13578,13292,25.035000,26.999998,30,400
44571,-62,56,-13640,13348,24.869999,26.999998,30,400
44571,-57,62,-13697,13410,24.944999,26.999998,30,400
44571,-50,58,-13747,13468,25.065001,26.999998,30,400
44571,-59,62,-13806,13530,25.065001,26.999998,30,400
44571,-69,65,-13875,13595,25.049999,26.999998,30,400
44571,-70,61,-13945,13656,24.915000,26.999998,30,400
44571,-64,56,-14009,13712,24.795001,26.999998,30,400
44571,-62,61,-14071,13773,24.795001,26.999998,30,400
44571,-58,68,-14129,13841,24.930000,26.999998,30,400
44571,-57,55,-14186,13896,24.900001,26.999998,30,400
44571,-56,51,-14242,13947,24.825000,26.999998,30,400
44571,-53,61,-14295,14008,24.825000,26.999998,30,400
44571,-59,69,-14354,14077,25.095001,26.999998,30,400
44571,-63,59,-14417,14136,25.035000,26.999998,30,400
44571,-65,64,-14482,14200,25.020000,26.999998,30,400
44571,-71,62,-14553,14262,25.020000,26.999998,30,400
44571,-66,62,-14619,14324,24.825000,26.999998,30,400
44571,-62,63,-14681,14387,24.840002,26.999998,30,400
44571,-56,60,-14737,14447,24.900001,26.999998,30,400
44571,-55,57,-14792,14504,24.900001,26.999998,30,400
44571,-60,62,-14852,14566,24.959999,26.999998,30,400
44571,-59,63,-14911,14629,25.020000,26.999998,30,400
44571,-62,59,-14973,14688,24.975001,26.999998,30,400
44571,-58,58,-15031,14746,24.975001,26.999998,30,400
44571,-61,60,-15092,14806,24.959999,26.999998,30,400
44571,-54,61,-15146,14867,25.065001,26.999998,30,400
44571,-59,61,-15205,14928,25.095001,26.999998,30,400
44571,-67,63,-15272,14991,25.035000,26.999998,30,400
44571,-71,65,-15343,15056,24.944999,26.999998,30,400
44571,-64,63,-15407,15119,24.930000,26.999998,30,400
44571,-60,63,-15467,15182,24.975001,26.999998,30,400
44571,-59,61,-15526,15243,25.005000,26.999998,30,400
44571,-61,63,-15587,15306,25.005000,26.999998,30,400
44571,-66,62,-15653,15368,24.975001,26.999998,30,400
44571,-55,63,-15708,15431,25.095001,26.999998,30,400
44571,-61,63,-15769,15494,25.125000,26.999998,30,400
44571,-63,62,-15832,15556,25.125000,26.999998,30,400
44571,-64,62,-15896,15618,25.080001,26.999998,30,400
44571,-62,58,-15958,15676,25.020000,26.999998,30,400
44571,-64,59,-16022,15735,24.944999,26.999998,30,400
44571,-61,59,-16083,15794,24.944999,26.999998,30,400
44571,-60,58,-16143,15852,24.884998,26.999998,30,400
44571,-57,60,-16200,15912,24.930000,26.999998,30,400
44571,-53,60,-16253,15972,25.035000,26.999998,30,400
44571,-58,65,-16311,16037,25.035000,26.999998,30,400
44571,-67,54,-16378,16091,24.944999,26.999998,30,400
44571,-62,54,-16440,16145,24.825000,26.999998,30,400
44571,-58,61,-16498,16206,24.869999,26.999998,30,400
44571,-51,60,-16549,16266,24.869999,26.999998,30,400
44571,-66,71,-16615,16337,25.080001,26.999998,30,400
44571,-67,63,-16682,16400,25.020000,26.999998,30,400
44571,-70,61,-16752,16461,24.884998,26.999998,30,400
44571,-65,58,-16817,16519,24.884998,26.999998,30,400
44571,-60,67,-16877,16586,24.884998,26.999998,30,400
44571,-61,62,-16938,16648,24.900001,26.999998,30,400
44571,-56,50,-16994,16698,24.810001,26.999998,30,400
44571,-55,58,-17049,16756,24.810001,26.999998,30,400
44571,-58,70,-17107,16826,25.035000,26.999998,30,400
44571,-62,61,-17169,16887,25.020000,26.999998,30,400
44571,-66,61,-17235,16948,24.944999,26.999998,30,400
44571,-64,63,-17299,17011,24.944999,26.999998,30,400
44571,-62,64,-17361,17075,24.959999,26.999998,30,400
44571,-60,62,-17421,17137,24.990001,26.999998,30,400
44571,-60,61,-17481,17198,25.005000,26.999998,30,400
44571,-63,57,-17544,17255,25.005000,26.999998,30,400
44571,-65,62,-17609,17317,24.869999,26.999998,30,400
44571,-60,63,-17669,17380,24.915000,26.999998,30,400
44571,-58,60,-17727,17440,24.944999,26.999998,30,400
44571,-54,59,-17781,17499,25.020000,26.999998,30,400
44571,-62,61,-17843,17560,25.005000,26.999998,30,400
44571,-65,62,-17908,17622,24.959999,26.999998,30,400
44571,-61,65,-17969,17687,25.020000,26.999998,30,400
44571,-66,65,-18035,17752,25.005000,26.999998,30,400
44571,-69,65,-18104,17817,25.005000,26.999998,30,400
44571,-67,65,-18171,17882,24.915000,26.999998,30,400
44571,-60,64,-18231,17946,24.975001,26.999998,30,400
44571,-56,62,-18287,18008,25.065001,26.999998,30,400
44571,-58,63,-18345,18071,25.065001,26.999998,30,400
44571,-66,60,-18411,18131,25.049999,26.999998,30,400
44571,-58,62,-18469,18193,25.109997,26.999998,30,400
44571,-64,62,-18533,18255,25.080001,26.999998,30,400
44571,-64,62,-18597,18317,25.080001,26.999998,30,400
44571,-66,61,-18663,18378,24.975001,26.999998,30,400
44571,-58,58,-18721,18436,24.975001,26.999998,30,400
44571,-56,58,-18777,18494,25.005000,26.999998,30,400
44571,-60,60,-18837,18554,25.005000,26.999998,30,400
44571,-70,59,-18907,18613,24.840002,26.999998,30,400
44571,-58,61,-18965,18674,24.884998,26.999998,30,400
44571,-52,60,-19017,18734,25.005000,26.999998,30,400
44571,-58,66,-19075,18800,25.125000,26.999998,30,400
44571,-67,58,-19142,18858,24.990001,26.999998,30,400
44571,-68,57,-19210,18915,24.825000,26.999998,30,400
44571,-59,60,-19269,18975,24.840002,26.999998,30,400
44571,-51,61,-19320,19036,24.840002,26.999998,30,400
44571,-65,70,-19385,19106,25.065001,26.999998,30,400
44571,-66,64,-19451,19170,25.035000,26.999998,30,400
44571,-70,62,-19521,19232,24.915000,26.999998,30,400
44571,-62,56,-19583,19288,24.915000,26.999998,30,400
44571,-61,66,-19644,19354,24.900001,26.999998,30,400
44571,-59,64,-19703,19418,24.975001,26.999998,30,400
44571,-57,52,-19760,19470,24.900001,26.999998,30,400
44571,-55,58,-19815,19528,24.900001,26.999998,30,400
44571,-57,70,-19872,19598,25.139999,26.999998,30,400
44571,-61,59,-19933,19657,25.109997,26.999998,30,400
44571,-65,63,-19998,19720,25.080001,26.999998,30,400
44571,-69,64,-20067,19784,25.080001,26.999998,30,400
44571,-71,66,-20138,19850,24.930000,26.999998,30,400
44571,-65,63,-20203,19913,24.900001,26.999998,30,400
44571,-60,65,-20263,19978,24.975001,26.999998,30,400
44571,-55,61,-20318,20039,24.975001,26.999998,30,400
44571,-63,60,-20381,20099,25.020000,26.999998,30,400
44571,-67,64,-20448,20163,24.975001,26.999998,30,400
44571,-63,61,-20511,20224,24.944999,26.999998,30,400
44571,-54,58,-20565,20282,25.005000,26.999998,30,400
44571,-64,61,-20629,20343,24.959999,26.999998,30,400
44571,-59,63,-20688,20406,25.020000,26.999998,30,400
44571,-60,62,-20748,20468,25.049999,26.999998,30,400
44571,-67,63,-20815,20531,24.990001,26.999998,30,400
44571,-70,64,-20885,20595,24.990001,26.999998,30,400
44571,-66,63,-20951,20658,24.854999,26.999998,30,400
44571,-61,65,-21012,20723,24.915000,26.999998,30,400
44571,-55,61,-21067,20784,25.005000,26.999998,30,400
44571,-60,63,-21127,20847,25.005000,26.999998,30,400
44571,-64,59,-21191,20906,24.975001,26.999998,30,400
44571,-54,62,-21245,20968,25.095001,26.999998,30,400
44571,-56,61,-21301,21029,25.170001,26.999998,30,400
44571,-61,60,-21362,21089,25.170001,26.999998,30,400
44571,-65,59,-21427,21148,25.065001,26.999998,30,400
44571,-58,54,-21485,21202,25.005000,26.999998,30,400
44571,-64,56,-21549,21258,24.884998,26.999998,30,400
44571,-60,58,-21609,21316,24.884998,26.999998,30,400
44571,-60,59,-21669,21375,24.840002,26.999998,30,400
44571,-55,58,-21724,21433,24.884998,26.999998,30,400
44571,-52,59,-21776,21492,24.990001,26.999998,30,400
44571,-54,60,-21830,21552,24.990001,26.999998,30,400
44571,-65,58,-21895,21610,24.975001,26.999998,30,400
44571,-60,54,-21955,21664,24.884998,26.999998,30,400
44571,-58,59,-22013,21723,24.900001,26.999998,30,400
44571,-50,55,-22063,21778,24.900001,26.999998,30,400
44571,-56,64,-22119,21842,25.095001,26.999998,30,400
44571,-64,63,-22183,21905,25.080001,26.999998,30,400
44571,-64,59,-22247,21964,25.005000,26.999998,30,400
44571,-66,59,-22313,22023,25.005000,26.999998,30,400
44571,-64,61,-22377,22084,24.854999,26.999998,30,400
44571,-58,67,-22435,22151,24.990001,26.999998,30,400
44571,-63,55,-22498,22206,24.869999,26.999998,30,400
44571,-58,50,-22556,22256,24.869999,26.999998,30,400
44571,-50,59,-22606,22315,24.884998,26.999998,30,400
44571,-54,68,-22660,22383,25.095001,26.999998,30,400
44571,-60,58,-22720,22441,25.065001,26.999998,30,400
44571,-63,61,-22783,22502,25.065001,26.999998,30,400
44571,-64,58,-22847,22560,24.944999,26.999998,30,400
44571,-59,58,-22906,22618,24.930000,26.999998,30,400
44571,-55,58,-22961,22676,24.975001,26.999998,30,400
44571,-53,57,-23014,22733,25.035000,26.999998,30,400
44571,-55,55,-23069,22788,25.035000,26.999998,30,400
44571,-57,52,-23126,22840,24.959999,26.999998,30,400
44571,-58,58,-23184,22898,24.959999,26.999998,30,400
44571,-57,61,-23241,22959,25.020000,26.999998,30,400
44571,-56,56,-23297,23015,25.020000,26.999998,30,400
44571,-60,57,-23357,23072,24.975001,26.999998,30,400
44571,-62,60,-23419,23132,24.944999,26.999998,30,400
44571,-52,60,-23471,23192,25.065001,26.999998,30,400
44571,-57,60,-23528,23252,25.065001,26.999998,30,400
44571,-65,61,-23593,23313,25.049999,26.999998,30,400
44571,-67,60,-23660,23373,24.944999,26.999998,30,400
44571,-63,61,-23723,23434,24.915000,26.999998,30,400
44571,-54,61,-23777,23495,24.915000,26.999998,30,400
44571,-58,59,-23835,23554,25.035000,26.999998,30,400
44571,-60,61,-23895,23615,25.049999,26.999998,30,400
44571,-62,58,-23957,23673,24.990001,26.999998,30,400
44571,-54,60,-24011,23733,24.990001,26.999998,30,400
44571,-56,57,-24067,23790,25.095001,26.999998,30,400
44571,-57,57,-24124,23847,25.095001,26.999998,30,400
44571,-65,59,-24189,23906,25.005000,26.999998,30,400
44571,-56,53,-24245,23959,25.005000,26.999998,30,400
44571,-57,53,-24302,24012,24.900001,26.999998,30,400
44571,-51,57,-24353,24069,24.990001,26.999998,30,400
44571,-58,55,-24411,24124,24.944999,26.999998,30,400
44571,-55,55,-24466,24179,24.944999,26.999998,30,400
44571,-49,56,-24515,24235,25.049999,26.999998,30,400
44571,-52,58,-24567,24293,25.139999,26.999998,30,400
44571,-59,60,-24626,24353,25.154999,26.999998,30,400
44571,-63,54,-24689,24407,25.154999,26.999998,30,400
44571,-64,54,-24753,24461,24.869999,26.999998,30,400
44571,-57,57,-24810,24518,24.869999,26.999998,30,400
44571,-48,57,-24858,24575,25.005000,26.999998,30,400
44571,-61,65,-24919,24640,25.005000,26.999998,30,400
44571,-64,63,-24983,24703,25.049999,26.999998,30,400
44571,-65,57,-25048,24760,24.930000,26.999998,30,400
44571,-56,49,-25104,24809,24.825000,26.999998,30,400
44571,-53,55,-25157,24864,24.825000,26.999998,30,400
44571,-52,64,-25209,24928,25.035000,26.999998,30,400
44571,-57,49,-25266,24977,24.915000,26.999998,30,400
44571,-54,43,-25320,25020,24.750000,26.999998,30,400
44571,-49,55,-25369,25075,24.840002,26.999998,30,400
44571,-54,67,-25423,25142,25.035000,26.999998,30,400
44571,-58,58,-25481,25200,25.035000,26.999998,30,400
44571,-62,59,-25543,25259,24.990001,26.999998,30,400
44571,-66,59,-25609,25318,24.884998,26.999998,30,400
44571,-66,62,-25675,25380,24.884998,26.999998,30,400
44571,-58,58,-25733,25438,24.825000,26.999998,30,400
44571,-55,60,-25788,25498,24.900001,26.999998,30,400
44571,-53,58,-25841,25556,24.975001,26.999998,30,400
44571,-50,53,-25891,25609,24.975001,26.999998,30,400
44571,-59,55,-25950,25664,24.959999,26.999998,30,400
44571,-59,60,-26009,25724,24.975001,26.999998,30,400
44571,-55,57,-26064,25781,25.005000,26.999998,30,400
44571,-53,54,-26117,25835,25.005000,26.999998,30,400
44571,-63,55,-26180,25890,24.900001,26.999998,30,400
44571,-53,58,-26233,25948,24.975001,26.999998,30,400
44571,-50,58,-26283,26006,25.095001,26.999998,30,400
44571,-56,56,-26339,26062,25.095001,26.999998,30,400
44571,-60,55,-26399,26117,25.020000,26.999998,30,400
44571,-64,55,-26463,26172,24.884998,26.999998,30,400
44571,-58,58,-26521,26230,24.884998,26.999998,30,400
44571,-53,58,-26574,26288,24.884998,26.999998,30,400
44571,-52,58,-26626,26346,25.049999,26.999998,30,400
44571,-52,54,-26678,26400,25.080001,26.999998,30,400
44571,-57,52,-26735,26452,25.005000,26.999998,30,400
44571,-52,56,-26787,26508,25.005000,26.999998,30,400
44571,-58,57,-26845,26565,25.049999,26.999998,30,400
44571,-58,60,-26903,26625,25.080001,26.999998,30,400
44571,-62,58,-26965,26683,25.020000,26.999998,30,400
44571,-56,53,-27021,26736,25.020000,26.999998,30,400
44571,-58,56,-27079,26792,24.944999,26.999998,30,400
44571,-52,56,-27131,26848,25.005000,26.999998,30,400
44571,-62,56,-27193,26904,24.915000,26.999998,30,400
44571,-58,56,-27251,26960,24.915000,26.999998,30,400
44571,-51,56,-27302,27016,24.959999,26.999998,30,400
44571,-46,58,-27348,27074,25.139999,26.999998,30,400
44571,-54,60,-27402,27134,25.230000,26.999998,30,400
44571,-62,52,-27464,27186,25.230000,26.999998,30,400
44571,-63,53,-27527,27239,24.930000,26.999998,30,400
44571,-56,57,-27583,27296,24.944999,26.999998,30,400
44571,-51,58,-27634,27354,25.049999,26.999998,30,400
44571,-60,67,-27694,27421,25.049999,26.999998,30,400
44571,-63,60,-27757,27481,25.109997,26.999998,30,400
44571,-67,56,-27824,27537,24.944999,26.999998,30,400
44571,-61,53,-27885,27590,24.825000,26.999998,30,400
44571,-58,61,-27943,27651,24.869999,26.999998,30,400
44571,-56,65,-27999,27716,25.005000,26.999998,30,400
44571,-58,48,-28057,27764,24.854999,26.999998,30,400
44571,-56,50,-28113,27814,24.765002,26.999998,30,400
44571,-52,62,-28165,27876,24.915000,26.999998,30,400
44571,-56,68,-28221,27944,24.915000,26.999998,30,400
44571,-58,58,-28279,28002,25.095001,26.999998,30,400
44571,-64,61,-28343,28063,25.049999,26.999998,30,400
44571,-67,61,-28410,28124,24.959999,26.999998,30,400
44571,-63,59,-28473,28183,24.959999,26.999998,30,400
44571,-58,60,-28531,28243,24.930000,26.999998,30,400
44571,-52,58,-28583,28301,25.020000,26.999998,30,400
44571,-54,53,-28637,28354,25.005000,26.999998,30,400
44571,-63,56,-28700,28410,25.005000,26.999998,30,400
44571,-60,61,-28760,28471,24.915000,26.999998,30,400
44571,-56,57,-28816,28528,24.930000,26.999998,30,400
44571,-49,54,-28865,28582,25.005000,26.999998,30,400
44571,-56,56,-28921,28638,25.005000,26.999998,30,400
44571,-60,56,-28981,28694,24.944999,26.999998,30,400
44571,-53,60,-29034,28754,25.049999,26.999998,30,400
44571,-61,60,-29095,28814,25.035000,26.999998,30,400
44571,-63,60,-29158,28874,25.035000,26.999998,30,400
44571,-65,58,-29223,28932,24.884998,26.999998,30,400
44571,-62,61,-29285,28993,24.869999,26.999998,30,400
44571,-56,62,-29341,29055,24.959999,26.999998,30,400
44571,-52,59,-29393,29114,24.959999,26.999998,30,400
44571,-53,58,-29446,29172,25.139999,26.999998,30,400
44571,-61,56,-29507,29228,25.065001,26.999998,30,400
44571,-54,58,-29561,29286,25.125000,26.999998,30,400
44571,-58,57,-29619,29343,25.125000,26.999998,30,400
44571,-57,56,-29676,29399,25.095001,26.999998,30,400
44571,-59,54,-29735,29453,25.020000,26.999998,30,400
44571,-56,53,-29791,29506,24.975001,26.999998,30,400
44571,-60,56,-29851,29562,24.975001,26.999998,30,400
44571,-52,56,-29903,29618,24.975001,26.999998,30,400
44571,-57,56,-29960,29674,24.959999,26.999998,30,400
44571,-53,55,-30013,29729,24.990001,26.999998,30,400
44571,-54,53,-30067,29782,24.990001,26.999998,30,400
44571,-52,58,-30119,29840,25.065001,26.999998,30,400
44571,-59,62,-30178,29902,25.109997,26.999998,30,400
44571,-62,53,-30240,29955,24.975001,26.999998,30,400
44571,-59,54,-30299,30009,24.900001,26.999998,30,400
44571,-54,57,-30353,30066,24.944999,26.999998,30,400
44571,-50,60,-30403,30126,25.095001,26.999998,30,400
44571,-61,65,-30464,30191,25.154999,26.999998,30,400
44571,-63,60,-30527,30251,25.109997,26.999998,30,400
44571,-68,60,-30595,30311,25.109997,26.999998,30,400
44571,-65,54,-30660,30365,24.825000,26.999998,30,400
44571,-64,63,-30724,30428,24.810001,26.999998,30,400
44571,-59,63,-30783,30491,24.869999,26.999998,30,400
44571,-54,49,-30837,30540,24.869999,26.999998,30,400
44571,-49,48,-30886,30588,24.779999,26.999998,30,400
44571,-51,62,-30937,30650,24.944999,26.999998,30,400
44571,-53,66,-30990,30716,25.139999,26.999998,30,400
44571,-58,58,-31048,30774,25.139999,26.999998,30,400
44571,-62,62,-31110,30836,25.139999,26.999998,30,400
44571,-66,61,-31176,30897,25.065001,26.999998,30,400
44571,-65,55,-31241,30952,24.915000,26.999998,30,400
44571,-60,59,-31301,31011,24.915000,26.999998,30,400
44571,-56,62,-31357,31073,24.990001,26.999998,30,400
44571,-54,55,-31411,31128,25.005000,26.999998,30,400
44571,-63,58,-31474,31186,24.930000,26.999998,30,400
44571,-63,62,-31537,31248,24.930000,26.999998,30,400
44571,-57,58,-31594,31306,24.930000,26.999998,30,400
44571,-47,54,-31641,31360,25.035000,26.999998,30,400
44571,-56,56,-31697,31416,25.035000,26.999998,30,400
44571,-61,58,-31758,31474,25.035000,26.999998,30,400
44571,-58,58,-31816,31532,24.990001,26.999998,30,400
44571,-62,58,-31878,31590,24.930000,26.999998,30,400
44571,-59,62,-31937,31652,24.975001,26.999998,30,400
44571,-59,60,-31996,31712,24.975001,26.999998,30,400
44571,-60,58,-32056,31770,24.959999,26.999998,30,400
44571,-59,60,-32115,31830,24.975001,26.999998,30,400
44571,-52,57,-32167,31887,25.049999,26.999998,30,400
44571,-53,57,-32220,31944,25.049999,26.999998,30,400
44571,-60,56,-32280,32000,25.049999,26.999998,30,400
44571,-53,56,-32333,32056,25.095001,26.999998,30,400
44571,-58,58,-32391,32114,25.095001,26.999998,30,400
44571,-59,58,-32450,32172,25.095001,26.999998,30,400
44571,-63,57,-32513,32229,24.990001,26.999998,30,400
44571,-56,53,-32569,32282,24.944999,26.999998,30,400
44571,-58,54,-32627,32336,24.884998,26.999998,30,400
44571,-52,55,-32679,32391,24.884998,26.999998,30,400
44571,-56,55,-32735,32446,24.915000,26.999998,30,400
44571,-52,53,-32787,32499,24.930000,26.999998,30,400
44571,-52,55,-32839,32554,24.975001,26.999998,30,400
44571,-48,59,-32887,32613,25.139999,26.999998,30,400
44571,-54,60,-32941,32673,25.230000,26.999998,30,400
44571,-62,51,-33003,32724,25.065001,26.999998,30,400
44571,-63,50,-33066,32774,24.869999,26.999998,30,400
44571,-55,54,-33121,32828,24.854999,26.999998,30,400
44571,-48,55,-33169,32883,24.854999,26.999998,30,400
44571,-56,66,-33225,32949,25.109997,26.999998,30,400
44571,-60,61,-33285,33010,25.125000,26.999998,30,400
44571,-66,60,-33351,33070,25.035000,26.999998,30,400
44571,-64,55,-33415,33125,25.035000,26.999998,30,400
44571,-61,58,-33476,33183,24.854999,26.999998,30,400
44571,-57,66,-33533,33249,24.990001,26.999998,30,400
44571,-60,52,-33593,33301,24.869999,26.999998,30,400
44571,-58,49,-33651,33350,24.869999,26.999998,30,400
44571,-54,62,-33705,33412,24.854999,26.999998,30,400
44571,-55,67,-33760,33479,25.035000,26.999998,30,400
44571,-61,60,-33821,33539,25.020000,26.999998,30,400
44571,-64,62,-33885,33601,25.020000,26.999998,30,400
44571,-66,59,-33951,33660,24.884998,26.999998,30,400
44571,-62,60,-34013,33720,24.854999,26.999998,30,400
44571,-58,60,-34071,33780,24.884998,26.999998,30,400
44571,-52,59,-34123,33839,24.884998,26.999998,30,400
44571,-53,54,-34176,33893,25.005000,26.999998,30,400
44571,-61,55,-34237,33948,24.915000,26.999998,30,400
44571,-62,60,-34299,34008,24.884998,26.999998,30,400
44571,-56,58,-34355,34066,24.884998,26.999998,30,400
44571,-49,55,-34404,34121,25.005000,26.999998,30,400
44571,-56,55,-34460,34176,24.990001,26.999998,30,400
44571,-61,57,-34521,34233,24.930000,26.999998,30,400
44571,-53,57,-34574,34290,24.930000,26.999998,30,400
44571,-58,58,-34632,34348,24.990001,26.999998,30,400
44571,-63,62,-34695,34410,24.975001,26.999998,30,400
44571,-62,60,-34757,34470,24.944999,26.999998,30,400
44571,-58,60,-34815,34530,24.944999,26.999998,30,400
44571,-55,61,-34870,34591,25.065001,26.999998,30,400
44571,-54,53,-34924,34644,25.049999,26.999998,30,400
44571,-57,56,-34981,34700,25.035000,26.999998,30,400
44571,-59,52,-35040,34752,25.035000,26.999998,30,400
44571,-46,55,-35086,34807,25.065001,26.999998,30,400
44571,-47,53,-35133,34860,25.154999,26.999998,30,400
44571,-54,54,-35187,34914,25.154999,26.999998,30,400
44571,-60,57,-35247,34971,25.109997,26.999998,30,400
44571,-61,55,-35308,35026,25.020000,26.999998,30,400
44571,-56,50,-35364,35076,24.930000,26.999998,30,400
44571,-57,56,-35421,35132,24.915000,26.999998,30,400
44571,-55,57,-35476,35189,24.944999,26.999998,30,400
44571,-58,58,-35534,35247,24.944999,26.999998,30,400
44571,-53,57,-35587,35304,25.005000,26.999998,30,400
44571,-55,59,-35642,35363,25.065001,26.999998,30,400
44571,-59,61,-35701,35424,25.095001,26.999998,30,400
44571,-65,56,-35766,35480,25.095001,26.999998,30,400
44571,-61,55,-35827,35535,24.869999,26.999998,30,400
44571,-56,61,-35883,35596,24.944999,26.999998,30,400
44571,-50,59,-35933,35655,25.080001,26.999998,30,400
44571,-60,65,-35993,35720,25.080001,26.999998,30,400
44571,-69,66,-36062,35786,25.109997,26.999998,30,400
44571,-71,63,-36133,35849,24.990001,26.999998,30,400
44571,-66,55,-36199,35904,24.825000,26.999998,30,400
44571,-66,64,-36265,35968,24.825000,26.999998,30,400
44571,-59,67,-36324,36035,24.915000,26.999998,30,400
44571,-57,51,-36381,36086,24.825000,26.999998,30,400
44571,-52,51,-36433,36137,24.810001,26.999998,30,400
44571,-54,65,-36487,36202,24.810001,26.999998,30,400
44571,-57,67,-36544,36269,25.125000,26.999998,30,400
44571,-61,61,-36605,36330,25.125000,26.999998,30,400
44571,-66,63,-36671,36393,25.080001,26.999998,30,400
44571,-67,61,-36738,36454,25.080001,26.999998,30,400
44571,-67,56,-36805,36510,24.825000,26.999998,30,400
44571,-62,62,-36867,36572,24.825000,26.999998,30,400
44571,-56,62,-36923,36634,24.915000,26.999998,30,400
44571,-52,57,-36975,36691,24.915000,26.999998,30,400
44571,-61,59,-37036,36750,24.959999,26.999998,30,400
44571,-62,62,-37098,36812,24.959999,26.999998,30,400
44571,-55,58,-37153,36870,25.005000,26.999998,30,400
44571,-54,53,-37207,36923,25.005000,26.999998,30,400
44571,-64,58,-37271,36981,24.900001,26.999998,30,400
44571,-55,60,-37326,37041,24.975001,26.999998,30,400
44571,-55,63,-37381,37104,25.095001,26.999998,30,400
44571,-62,62,-37443,37166,25.095001,26.999998,30,400
44571,-66,58,-37509,37224,24.975001,26.999998,30,400
44571,-64,59,-37573,37283,24.900001,26.999998,30,400
44571,-58,61,-37631,37344,24.944999,26.999998,30,400
44571,-52,58,-37683,37402,25.035000,26.999998,30,400
44571,-58,62,-37741,37464,25.095001,26.999998,30,400
44571,-63,56,-37804,37520,24.990001,26.999998,30,400
44571,-58,60,-37862,37580,25.020000,26.999998,30,400
44571,-60,61,-37922,37641,25.035000,26.999998,30,400
44571,-58,59,-37980,37700,25.035000,26.999998,30,400
44571,-66,62,-38046,37762,24.990001,26.999998,30,400
44571,-60,56,-38106,37818,24.930000,26.999998,30,400
44571,-60,56,-38166,37874,24.869999,26.999998,30,400
44571,-53,60,-38219,37934,24.869999,26.999998,30,400
44571,-58,59,-38277,37993,24.990001,26.999998,30,400
44571,-60,58,-38337,38051,24.959999,26.999998,30,400
44571,-57,60,-38394,38111,25.005000,26.999998,30,400
44571,-55,62,-38449,38173,25.005000,26.999998,30,400
44571,-64,62,-38513,38235,25.080001,26.999998,30,400
44571,-64,55,-38577,38290,24.922501,26.999998,30,400
44571,-60,58,-38637,38348,24.667500,26.999998,30,400
44571,-51,55,-38688,38403,24.667500,26.999998,30,400
44571,-53,64,-38741,38467,24.502500,26.999998,30,400
44571,-60,67,-38801,38534,24.382500,26.999998,30,400
44571,-56,62,-38857,38596,24.262501,26.915626,30,400
44571,-58,56,-38915,38652,24.262501,26.726627,30,400
44571,-55,54,-38970,38706,23.793751,26.544372,30,400
44571,-59,67,-39029,38773,23.692501,26.318252,30,400
44571,-54,55,-39083,38828,23.504999,26.132626,30,400
44571,-56,49,-39139,38877,23.504999,25.967250,30,400
44571,-55,57,-39194,38934,23.013752,25.774877,30,400
44571,-53,68,-39247,39002,23.040002,25.545375,30,400
44571,-54,60,-39301,39062,22.927501,25.342876,30,400
44571,-57,61,-39358,39123,22.927501,25.136999,30,400
44571,-55,59,-39413,39182,22.627498,24.937877,30,400
44571,-57,54,-39470,39236,22.368751,24.755625,30,400
44571,-57,47,-39527,39283,22.005001,24.597001,30,400
44571,-56,51,-39583,39334,22.005001,24.424877,30,400
44571,-55,51,-39638,39385,21.453751,24.252751,30,400
44571,-52,47,-39690,39432,21.183749,24.094127,30,400
44571,-43,46,-39733,39478,21.067502,23.938876,30,400
44571,-45,48,-39778,39526,21.067502,23.776876,30,400
44571,-43,48,-39821,39574,20.857501,23.614876,30,400
44571,-40,44,-39861,39618,20.767499,23.466377,30,400
44571,-40,43,-39901,39661,20.662501,23.321250,30,400
44571,-35,44,-39936,39705,20.662501,23.172749,30,400
44571,-37,46,-39973,39751,20.662502,23.017501,30,400
44571,-43,47,-40016,39798,20.561249,22.858877,30,400
44571,-41,48,-40057,39846,20.512500,22.696875,30,400
44571,-37,47,-40094,39893,20.523750,22.538251,30,400
44571,-38,47,-40132,39940,20.576251,22.379624,30,400
44571,-40,44,-40172,39984,20.516252,22.231126,30,400
44571,-43,41,-40215,40025,20.310000,22.092749,30,400
44571,-42,45,-40257,40070,20.220000,21.940874,30,400
44571,-46,50,-40303,40120,20.220000,21.772124,30,400
44571,-46,48,-40349,40168,20.009999,21.610127,30,400
44571,-42,48,-40391,40216,19.987499,21.448126,30,400
44571,-41,47,-40432,40263,19.968751,21.289502,30,400
44571,-40,40,-40472,40303,19.968751,21.154501,30,400
44571,-39,41,-40511,40344,19.717499,21.016125,30,400
44571,-42,39,-40553,40383,19.492503,20.884501,30,400
44571,-38,35,-40591,40418,19.282500,20.766376,30,400
44571,-30,34,-40621,40452,19.282500,20.651626,30,400
44571,-30,36,-40651,40488,19.282500,20.530127,30,400
44571,-35,32,-40686,40520,19.083750,20.422125,30,400
44571,-35,32,-40721,40552,18.885001,20.314125,30,400
44571,-32,27,-40753,40579,18.885001,20.223000,30,400
44571,-38,25,-40791,40604,18.217499,20.138625,30,400
44571,-34,29,-40825,40633,17.977499,20.040752,30,400
44571,-30,33,-40855,40666,17.932500,19.929376,30,400
44571,-30,28,-40885,40694,17.932500,19.834876,30,400
44571,-31,28,-40916,40722,17.591250,19.740377,30,400
44571,-29,34,-40945,40756,17.594999,19.625626,30,400
44571,-22,29,-40967,40785,17.670001,19.527748,30,400
44571,-21,29,-40988,40814,17.670001,19.429875,30,400
44571,-28,32,-41016,40846,17.756249,19.321875,30,400
44571,-33,36,-41049,40882,17.700000,19.200376,30,400
44571,-29,36,-41078,40918,17.748752,19.078878,30,400
44571,-23,38,-41101,40956,17.748752,18.950624,30,400
44571,-27,34,-41128,40990,18.056252,18.835874,30,400
44571,-32,25,-41160,41015,17.778750,18.751499,30,400
44571,-21,22,-41181,41037,17.722500,18.677252,30,400
44571,-16,23,-41197,41060,17.722500,18.599625,30,400
44571,-20,30,-41217,41090,17.970001,18.498374,30,400
44571,-27,30,-41244,41120,17.936251,18.397125,30,400
44571,-39,25,-41283,41145,17.475002,18.312750,30,400
44571,-36,29,-41319,41174,17.475002,18.214876,30,400
44571,-32,41,-41351,41215,17.264999,18.076499,30,400
44571,-30,45,-41381,41260,17.489999,17.924624,30,400
44571,-27,38,-41408,41298,17.636251,17.796377,30,400
44571,-23,29,-41431,41327,17.684999,17.698500,30,400
44571,-15,18,-41446,41345,17.696251,17.637749,30,400
44571,-16,18,-41462,41363,17.681250,17.577002,30,400
44571,-21,23,-41483,41386,17.647500,17.499375,30,400
44571,-27,12,-41510,41398,17.208750,17.458876,30,400
44571,-30,7,-41540,41405,17.208750,17.435249,30,400
44571,-31,8,-41571,41413,15.945001,17.408252,30,400
44571,-21,10,-41592,41423,15.618750,17.374501,30,400
44571,-13,10,-41605,41433,15.502500,17.340752,30,400
44571,-13,14,-41618,41447,15.502500,17.293501,30,400
44571,-19,21,-41637,41468,15.450000,17.222625,30,400
44571,-28,28,-41665,41496,15.345000,17.128125,30,400
44571,-30,34,-41695,41530,15.322501,17.013376,30,400
44571,-26,26,-41721,41556,15.322501,16.925624,30,400
44571,-23,14,-41744,41570,14.936251,16.878375,30,400
44571,-25,1,-41769,41571,14.302500,16.875000,30,400
44571,-22,0,-41791,41571,13.875000,16.875000,30,400
44571,-14,0,-41805,41571,13.875000,16.875000,30,400
44571,-4,0,-41809,41571,13.537500,16.875000,30,400
44571,0,1,-41809,41572,13.552500,16.871624,30,400
44571,0,0,-41809,41572,13.552500,16.871624,30,400
44571,0,0,-41809,41572,13.552500,16.871624,30,400
44571,0,0,-41809,41572,13.552500,16.871624,30,400
44571,0,0,-41809,41572,13.552500,16.871624,30,400
44571,0,0,-41809,41572,13.552500,16.871624,30,400
44571,0,0,-41809,41572,13.552500,16.871624,30,400
44571,0,0,-41809,41572,13.552500,16.871624,30,400
44571,0,0,-41809,41572,13.552500,16.871624,30,400
44571,0,0,-41809,41572,13.552500,16.871624,30,400
44571,0,0,-41809,41572,13.552500,16.871624,30,400
44571,0,0,-41809,41572,13.552500,16.871624,30,400
44571,0,0,-41809,41572,13.552500,16.871624,30,400
44571,0,0,-41809,41572,13.552500,16.871624,30,400
44571,0,0,-41809,41572,13.552500,16.871624,30,400
44571,0,0,-41809,41572,13.552500,16.871624,30,400
44571,0,0,-41809,41572,13.552500,16.871624,30,400
44571,0,0,-41809,41572,13.552500,16.871624,30,400
44571,0,0,-41809,41572,13.552500,16.871624,30,400
44571,0,0,-41809,41572,13.552500,16.871624,30,400
44571,0,0,-41809,41572,13.552500,16.871624,30,400
44571,0,0,-41809,41572,13.552500,16.871624,30,400
44571,0,0,-41809,41572,13.552500,16.871624,30,400
44571,0,0,-41809,41572,13.552500,16.871624,30,400
44571,0,0,-41809,41572,13.552500,16.871624,30,400
44571,0,0,-41809,41572,13.552500,16.871624,30,400
44571,0,0,-41809,41572,13.552500,16.871624,30,400
44571,0,0,-41809,41572,13.552500,16.871624,30,400
44571,0,0,-41809,41572,13.552500,16.871624,30,400
