44571,0,-2,0,-2,0.000000,26.999998,30,400
44571,-34,10,-34,8,29.999998,26.999998,30,400
44571,-52,27,-86,35,29.602500,26.999998,30,400
44571,-66,40,-152,75,29.602500,26.999998,30,400
44571,-80,53,-232,128,28.409999,26.999998,30,400
44571,-76,56,-308,184,27.959999,26.999998,30,400
44571,-69,58,-377,242,27.712501,26.999998,30,400
44571,-65,57,-442,299,27.712501,26.999998,30,400
44571,-70,62,-512,361,27.352501,26.999998,30,400
44571,-68,64,-580,425,27.262501,26.999998,30,400
44571,-68,58,-648,483,27.037499,26.999998,30,400
44571,-73,60,-721,543,26.745000,26.999998,30,400
44571,-67,52,-788,595,26.407500,26.999998,30,400
44571,-73,62,-861,657,26.190000,26.999998,30,400
44571,-75,68,-936,725,26.085000,26.999998,30,400
44571,-76,59,-1012,784,25.829999,26.999998,30,400
44571,-68,56,-1080,840,25.829999,26.999998,30,400
44571,-66,52,-1146,892,25.440002,26.999998,30,400
44571,-75,66,-1221,958,25.305000,26.999998,30,400
44571,-76,63,-1297,1021,25.109997,26.999998,30,400
44571,-71,52,-1368,1073,25.109997,26.999998,30,400
44571,-66,60,-1434,1133,24.735000,26.999998,30,400
44571,-68,70,-1502,1203,24.765002,26.999998,30,400
44571,-66,61,-1568,1264,24.690001,26.999998,30,400
44571,-67,63,-1635,1327,24.690001,26.999998,30,400
44571,-67,60,-1702,1387,24.525000,26.999998,30,400
44571,-66,62,-1768,1449,24.465002,26.999998,30,400
44571,-66,59,-1834,1508,24.360000,26.999998,30,400
44571,-64,61,-1898,1569,24.360000,26.999998,30,400
44571,-63,56,-1961,1625,24.209998,26.999998,30,400
44571,-64,59,-2025,1684,24.134998,26.999998,30,400
44571,-63,62,-2088,1746,24.120001,26.999998,30,400
44571,-64,60,-2152,1806,24.120001,26.999998,30,400
44571,-64,58,-2216,1864,23.970000,26.999998,30,400
44571,-63,60,-2279,1924,23.925001,26.999998,30,400
44571,-63,61,-2342,1985,23.894999,26.999998,30,400
44571,-60,62,-2402,2047,23.894999,26.999998,30,400
44571,-64,62,-2466,2109,23.894999,26.999998,30,400
44571,-67,62,-2533,2171,23.819999,26.999998,30,400
44571,-65,62,-2598,2233,23.775000,26.999998,30,400
44571,-57,61,-2655,2294,23.775000,26.999998,30,400
44571,-66,63,-2721,2357,23.790002,26.999998,30,400
44571,-63,61,-2784,2418,23.760000,26.999998,30,400
44571,-64,64,-2848,2482,23.760000,26.999998,30,400
44571,-64,64,-2912,2546,23.760000,26.999998,30,400
44571,-66,63,-2978,2609,23.715002,26.999998,30,400
44571,-68,62,-3046,2671,23.624999,26.999998,30,400
44571,-63,61,-3109,2732,23.595002,26.999998,30,400
44571,-63,61,-3172,2793,23.595002,26.999998,30,400
44571,-62,56,-3234,2849,23.475000,26.999998,30,400
44571,-61,57,-3295,2906,23.415002,26.999998,30,400
44571,-55,55,-3350,2961,23.415002,26.999998,30,400
44571,-57,57,-3407,3018,23.415002,26.999998,30,400
44571,-59,57,-3466,3075,23.385000,26.999998,30,400
44571,-62,60,-3528,3135,23.354998,26.999998,30,400
44571,-60,63,-3588,3198,23.400000,26.999998,30,400
44571,-62,58,-3650,3256,23.340001,26.999998,30,400
44571,-63,60,-3713,3316,23.295000,26.999998,30,400
44571,-66,53,-3779,3369,23.100000,26.999998,30,400
44571,-61,60,-3840,3429,23.084998,26.999998,30,400
44571,-58,68,-3898,3497,23.234999,26.999998,30,400
44571,-62,62,-3960,3559,23.234999,26.999998,30,400
44571,-64,57,-4024,3616,23.129999,26.999998,30,400
44571,-64,53,-4088,3669,22.965001,26.999998,30,400
44571,-60,65,-4148,3734,23.040002,26.999998,30,400
44571,-64,60,-4212,3794,23.040002,26.999998,30,400
44571,-66,48,-4278,3842,22.709999,26.999998,30,400
44571,-62,56,-4340,3898,22.620000,26.999998,30,400
44571,-66,69,-4406,3967,22.665000,26.999998,30,400
44571,-64,63,-4470,4030,22.665000,26.999998,30,400
44571,-64,62,-4534,4092,22.620000,26.999998,30,400
44571,-65,59,-4599,4151,22.530000,26.999998,30,400
44571,-63,61,-4662,4212,22.500001,26.999998,30,400
44571,-57,58,-4719,4270,22.500001,26.999998,30,400
44571,-53,55,-4772,4325,22.545001,26.999998,30,400
44571,-61,56,-4833,4381,22.470000,26.999998,30,400
44571,-70,56,-4903,4437,22.259999,26.999998,30,400
44571,-70,58,-4973,4495,22.259999,26.999998,30,400
44571,-65,64,-5038,4559,22.065001,26.999998,30,400
44571,-64,62,-5102,4621,22.034999,26.999998,30,400
44571,-59,60,-5161,4681,22.050000,26.999998,30,400
44571,-61,62,-5222,4743,22.050000,26.999998,30,400
44571,-64,60,-5286,4803,22.005000,26.999998,30,400
44571,-64,59,-5350,4862,21.929999,26.999998,30,400
44571,-56,58,-5406,4920,21.959999,26.999998,30,400
44571,-58,57,-5464,4977,21.959999,26.999998,30,400
44571,-60,56,-5524,5033,21.884999,26.999998,30,400
44571,-59,57,-5583,5090,21.855000,26.999998,30,400
44571,-56,53,-5639,5143,21.809998,26.999998,30,400
44571,-58,59,-5697,5202,21.809998,26.999998,30,400
44571,-63,57,-5760,5259,21.734999,26.999998,30,400
44571,-61,60,-5821,5319,21.720001,26.999998,30,400
44571,-60,59,-5881,5378,21.704999,26.999998,30,400
44571,-58,59,-5939,5437,21.704999,26.999998,30,400
44571,-56,56,-5995,5493,21.720001,26.999998,30,400
44571,-57,54,-6052,5547,21.675001,26.999998,30,400
44571,-48,47,-6100,5594,21.659998,26.999998,30,400
44571,-49,49,-6149,5643,21.659998,26.999998,30,400
44571,-50,50,-6199,5693,21.659998,26.999998,30,400
44571,-58,54,-6257,5747,21.600000,26.999998,30,400
44571,-53,54,-6310,5801,21.615001,26.999998,30,400
44571,-54,54,-6364,5855,21.615001,26.999998,30,400
44571,-56,56,-6420,5911,21.615001,26.999998,30,400
44571,-59,59,-6479,5970,21.615001,26.999998,30,400
44571,-62,54,-6541,6024,21.495000,26.999998,30,400
44571,-56,55,-6597,6079,21.479999,26.999998,30,400
44571,-51,44,-6648,6123,21.479999,26.999998,30,400
44571,-46,52,-6694,6175,21.465000,26.999998,30,400
44571,-54,63,-6748,6238,21.600000,26.999998,30,400
44571,-57,58,-6805,6296,21.615001,26.999998,30,400
44571,-57,53,-6862,6349,21.615001,26.999998,30,400
44571,-49,46,-6911,6395,21.509999,26.999998,30,400
44571,-49,46,-6960,6441,21.465000,26.999998,30,400
44571,-58,60,-7018,6501,21.495000,26.999998,30,400
44571,-54,54,-7072,6555,21.495000,26.999998,30,400
44571,-52,40,-7124,6595,21.315001,26.999998,30,400
44571,-50,44,-7174,6639,21.225000,26.999998,30,400
44571,-50,62,-7224,6701,21.405000,26.999998,30,400
44571,-48,67,-7272,6768,21.405000,26.999998,30,400
44571,-54,63,-7326,6831,21.825001,26.999998,30,400
44571,-58,59,-7384,6890,21.840000,26.999998,30,400
44571,-56,56,-7440,6946,21.840000,26.999998,30,400
44571,-56,57,-7496,7003,21.840000,26.999998,30,400
44571,-57,55,-7553,7058,21.825001,26.999998,30,400
44571,-55,57,-7608,7115,21.855000,26.999998,30,400
44571,-57,54,-7665,7169,21.809998,26.999998,30,400
44571,-58,56,-7723,7225,21.809998,26.999998,30,400
44571,-59,60,-7782,7285,21.795000,26.999998,30,400
44571,-60,61,-7842,7346,21.809998,26.999998,30,400
44571,-55,59,-7897,7405,21.870001,26.999998,30,400
44571,-52,56,-7949,7461,21.870001,26.999998,30,400
44571,-57,58,-8006,7519,21.945001,26.999998,30,400
44571,-59,60,-8065,7579,21.959999,26.999998,30,400
44571,-59,60,-8124,7639,21.974999,26.999998,30,400
44571,-54,61,-8178,7700,21.974999,26.999998,30,400
44571,-55,57,-8233,7757,22.109999,26.999998,30,400
44571,-60,60,-8293,7817,22.109999,26.999998,30,400
44571,-57,58,-8350,7875,22.125000,26.999998,30,400
44571,-56,59,-8406,7934,22.170002,26.999998,30,400
44571,-56,63,-8462,7997,22.275000,26.999998,30,400
44571,-62,62,-8524,8059,22.275000,26.999998,30,400
44571,-62,64,-8586,8123,22.304999,26.999998,30,400
44571,-60,63,-8646,8186,22.349999,26.999998,30,400
44571,-60,61,-8706,8247,22.349999,26.999998,30,400
44571,-58,60,-8764,8307,22.394999,26.999998,30,400
44571,-56,54,-8820,8361,22.365002,26.999998,30,400
44571,-48,53,-8868,8414,22.440002,26.999998,30,400
44571,-52,55,-8920,8469,22.440002,26.999998,30,400
44571,-52,54,-8972,8523,22.515000,26.999998,30,400
44571,-58,56,-9030,8579,22.484998,26.999998,30,400
44571,-51,54,-9081,8633,22.530000,26.999998,30,400
44571,-52,59,-9133,8692,22.530000,26.999998,30,400
44571,-56,58,-9189,8750,22.665000,26.999998,30,400
44571,-55,56,-9244,8806,22.680001,26.999998,30,400
44571,-56,53,-9300,8859,22.634998,26.999998,30,400
44571,-50,46,-9350,8905,22.634998,26.999998,30,400
44571,-48,54,-9398,8959,22.665000,26.999998,30,400
44571,-48,60,-9446,9019,22.844999,26.999998,30,400
44571,-53,58,-9499,9077,22.920000,26.999998,30,400
44571,-55,52,-9554,9129,22.920000,26.999998,30,400
44571,-51,44,-9605,9173,22.770001,26.999998,30,400
44571,-51,50,-9656,9223,22.754999,26.999998,30,400
44571,-46,60,-9702,9283,22.965001,26.999998,30,400
44571,-50,51,-9752,9334,22.965001,26.999998,30,400
44571,-52,35,-9804,9369,22.725001,26.999998,30,400
44571,-48,36,-9852,9405,22.545001,26.999998,30,400
44571,-51,52,-9903,9457,22.559999,26.999998,30,400
44571,-51,63,-9954,9520,22.559999,26.999998,30,400
44571,-52,54,-10006,9574,22.770001,26.999998,30,400
44571,-52,55,-10058,9629,22.815001,26.999998,30,400
44571,-52,49,-10110,9678,22.770001,26.999998,30,400
44571,-49,51,-10159,9729,22.770001,26.999998,30,400
44571,-45,46,-10204,9775,22.815001,26.999998,30,400
44571,-46,48,-10250,9823,22.844999,26.999998,30,400
44571,-48,50,-10298,9873,22.875001,26.999998,30,400
44571,-51,50,-10349,9923,22.875001,26.999998,30,400
44571,-48,48,-10397,9971,22.859999,26.999998,30,400
44571,-52,54,-10449,10025,22.890000,26.999998,30,400
44571,-55,58,-10504,10083,22.934999,26.999998,30,400
44571,-54,57,-10558,10140,22.934999,26.999998,30,400
44571,-53,53,-10611,10193,22.980001,26.999998,30,400
44571,-50,53,-10661,10246,23.024999,26.999998,30,400
44571,-46,56,-10707,10302,23.175001,26.999998,30,400
44571,-49,57,-10756,10359,23.295000,26.999998,30,400
44571,-53,56,-10809,10415,23.340001,26.999998,30,400
44571,-55,56,-10864,10471,23.354998,26.999998,30,400
44571,-53,56,-10917,10527,23.400000,26.999998,30,400
44571,-47,54,-10964,10581,23.504999,26.999998,30,400
44571,-52,56,-11016,10637,23.504999,26.999998,30,400
44571,-53,54,-11069,10691,23.580000,26.999998,30,400
44571,-52,57,-11121,10748,23.655001,26.999998,30,400
44571,-51,57,-11172,10805,23.745001,26.999998,30,400
44571,-51,56,-11223,10861,23.745001,26.999998,30,400
44571,-55,58,-11278,10919,23.865003,26.999998,30,400
44571,-58,59,-11336,10978,23.880000,26.999998,30,400
44571,-51,54,-11387,11032,23.925001,26.999998,30,400
44571,-50,55,-11437,11087,23.925001,26.999998,30,400
44571,-49,50,-11486,11137,24.015001,26.999998,30,400
44571,-48,49,-11534,11186,24.030001,26.999998,30,400
44571,-49,52,-11583,11238,24.075000,26.999998,30,400
44571,-43,53,-11626,11291,24.075000,26.999998,30,400
44571,-40,48,-11666,11339,24.345000,26.999998,30,400
44571,-46,50,-11712,11389,24.404998,26.999998,30,400
44571,-46,54,-11758,11443,24.525000,26.999998,30,400
44571,-53,56,-11811,11499,24.525000,26.999998,30,400
44571,-46,50,-11857,11549,24.630000,26.999998,30,400
44571,-47,53,-11904,11602,24.720000,26.999998,30,400
44571,-50,47,-11954,11649,24.674999,26.999998,30,400
44571,-45,42,-11999,11691,24.674999,26.999998,30,400
44571,-52,52,-12051,11743,24.630000,26.999998,30,400
44571,-51,58,-12102,11801,24.735000,26.999998,30,400
44571,-49,56,-12151,11857,24.840002,26.999998,30,400
44571,-44,50,-12195,11907,24.840002,26.999998,30,400
44571,-43,43,-12238,11950,24.930000,26.999998,30,400
44571,-50,48,-12288,11998,24.900001,26.999998,30,400
44571,-50,59,-12338,12057,25.035000,26.999998,30,400
44571,-53,50,-12391,12107,25.035000,26.999998,30,400
44571,-51,36,-12442,12143,24.765002,26.999998,30,400
44571,-50,44,-12492,12187,24.674999,26.999998,30,400
44571,-60,65,-12552,12252,24.750000,26.999998,30,400
44571,-60,67,-12612,12319,24.750000,26.999998,30,400
44571,-60,64,-12672,12383,24.915000,26.999998,30,400
44571,-61,63,-12733,12446,24.944999,26.999998,30,400
44571,-63,65,-12796,12511,24.975001,26.999998,30,400
44571,-58,63,-12854,12574,25.049999,26.999998,30,400
44571,-66,64,-12920,12638,25.020000,26.999998,30,400
44571,-70,64,-12990,12702,24.930000,26.999998,30,400
44571,-64,63,-13054,12765,24.915000,26.999998,30,400
44571,-64,67,-13118,12832,24.959999,26.999998,30,400
44571,-59,65,-13177,12897,24.959999,26.999998,30,400
44571,-67,64,-13244,12961,25.005000,26.999998,30,400
44571,-73,67,-13317,13028,24.915000,26.999998,30,400
44571,-70,69,-13387,13097,24.900001,26.999998,30,400
44571,-63,70,-13450,13167,24.900001,26.999998,30,400
44571,-61,67,-13511,13234,25.095001,26.999998,30,400
44571,-73,69,-13584,13303,25.035000,26.999998,30,400
44571,-77,68,-13661,13371,24.900001,26.999998,30,400
44571,-65,66,-13726,13437,24.900001,26.999998,30,400
44571,-63,67,-13789,13504,24.975001,26.999998,30,400
44571,-60,65,-13849,13569,25.049999,26.999998,30,400
44571,-63,63,-13912,13632,25.049999,26.999998,30,400
44571,-67,65,-13979,13697,25.049999,26.999998,30,400
44571,-71,66,-14050,13763,24.944999,26.999998,30,400
44571,-68,66,-14118,13829,24.915000,26.999998,30,400
44571,-61,54,-14179,13883,24.810001,26.999998,30,400
44571,-53,41,-14232,13924,24.810001,26.999998,30,400
44571,-50,45,-14282,13969,24.555000,26.999998,30,400
44571,-56,60,-14338,14029,24.615001,26.999998,30,400
44571,-52,72,-14390,14101,24.915000,26.999998,30,400
44571,-50,66,-14440,14167,24.915000,26.999998,30,400
44571,-58,65,-14498,14232,25.259999,26.999998,30,400
44571,-67,63,-14565,14295,25.200000,26.999998,30,400
44571,-67,61,-14632,14356,25.109997,26.999998,30,400
44571,-64,58,-14696,14414,25.109997,26.999998,30,400
44571,-65,55,-14761,14469,24.869999,26.999998,30,400
44571,-67,67,-14828,14536,24.869999,26.999998,30,400
44571,-63,67,-14891,14603,24.930000,26.999998,30,400
44571,-55,61,-14946,14664,24.930000,26.999998,30,400
44571,-56,55,-15002,14719,25.005000,26.999998,30,400
44571,-65,57,-15067,14776,24.884998,26.999998,30,400
44571,-66,70,-15133,14846,24.944999,26.999998,30,400
44571,-60,59,-15193,14905,24.944999,26.999998,30,400
44571,-53,55,-15246,14960,24.959999,26.999998,30,400
44571,-59,67,-15305,15027,25.080001,26.999998,30,400
44571,-66,68,-15371,15095,25.109997,26.999998,30,400
44571,-71,66,-15442,15161,25.109997,26.999998,30,400
44571,-70,63,-15512,15224,24.930000,26.999998,30,400
44571,-69,68,-15581,15292,24.915000,26.999998,30,400
44571,-63,63,-15644,15355,24.915000,26.999998,30,400
44571,-61,64,-15705,15419,24.959999,26.999998,30,400
44571,-57,60,-15762,15479,25.005000,26.999998,30,400
44571,-64,62,-15826,15541,24.975001,26.999998,30,400
44571,-65,67,-15891,15608,25.005000,26.999998,30,400
44571,-67,66,-15958,15674,24.990001,26.999998,30,400
44571,-70,63,-16028,15737,24.990001,26.999998,30,400
44571,-67,66,-16095,15803,24.869999,26.999998,30,400
44571,-63,66,-16158,15869,24.915000,26.999998,30,400
44571,-62,68,-16220,15937,25.005000,26.999998,30,400
44571,-60,66,-16280,16003,25.005000,26.999998,30,400
44571,-68,64,-16348,16067,25.035000,26.999998,30,400
44571,-68,61,-16416,16128,24.930000,26.999998,30,400
44571,-59,61,-16475,16189,24.959999,26.999998,30,400
44571,-54,58,-16529,16247,24.959999,26.999998,30,400
44571,-64,66,-16593,16313,25.049999,26.999998,30,400
44571,-66,64,-16659,16377,25.020000,26.999998,30,400
44571,-67,64,-16726,16441,24.975001,26.999998,30,400
44571,-64,66,-16790,16507,24.975001,26.999998,30,400
44571,-66,63,-16856,16570,24.959999,26.999998,30,400
44571,-62,63,-16918,16633,24.975001,26.999998,30,400
44571,-56,56,-16974,16689,24.975001,26.999998,30,400
44571,-55,58,-17029,16747,24.975001,26.999998,30,400
44571,-57,58,-17086,16805,25.035000,26.999998,30,400
44571,-61,55,-17147,16860,24.944999,26.999998,30,400
44571,-53,59,-17200,16919,25.035000,26.999998,30,400
44571,-58,59,-17258,16978,25.035000,26.999998,30,400
44571,-62,63,-17320,17041,25.065001,26.999998,30,400
44571,-66,60,-17386,17101,24.975001,26.999998,30,400
44571,-60,62,-17446,17163,25.005000,26.999998,30,400
44571,-60,55,-17506,17218,25.005000,26.999998,30,400
44571,-62,63,-17568,17281,24.944999,26.999998,30,400
44571,-64,71,-17632,17352,25.049999,26.999998,30,400
44571,-62,65,-17694,17417,25.095001,26.999998,30,400
44571,-60,56,-17754,17473,25.095001,26.999998,30,400
44571,-68,56,-17822,17529,24.854999,26.999998,30,400
44571,-67,69,-17889,17598,24.884998,26.999998,30,400
44571,-61,63,-17950,17661,24.915000,26.999998,30,400
44571,-52,52,-18002,17713,24.915000,26.999998,30,400
44571,-52,58,-18054,17771,25.005000,26.999998,30,400
44571,-66,70,-18120,17841,25.065001,26.999998,30,400
44571,-68,63,-18188,17904,24.990001,26.999998,30,400
44571,-71,64,-18259,17968,24.884998,26.999998,30,400
44571,-65,61,-18324,18029,24.825000,26.999998,30,400
44571,-60,65,-18384,18094,24.900001,26.999998,30,400
44571,-63,63,-18447,18157,24.900001,26.999998,30,400
44571,-61,65,-18508,18222,24.959999,26.999998,30,400
44571,-56,58,-18564,18280,24.959999,26.999998,30,400
44571,-62,61,-18626,18341,24.975001,26.999998,30,400
44571,-58,60,-18684,18401,25.005000,26.999998,30,400
44571,-57,56,-18741,18457,24.990001,26.999998,30,400
44571,-62,54,-18803,18511,24.990001,26.999998,30,400
44571,-62,60,-18865,18571,24.840002,26.999998,30,400
44571,-61,64,-18926,18635,24.884998,26.999998,30,400
44571,-58,66,-18984,18701,25.005000,26.999998,30,400
44571,-58,64,-19042,18765,25.005000,26.999998,30,400
44571,-68,65,-19110,18830,25.049999,26.999998,30,400
44571,-73,65,-19183,18895,24.930000,26.999998,30,400
44571,-64,66,-19247,18961,24.959999,26.999998,30,400
44571,-58,64,-19305,19025,24.959999,26.999998,30,400
44571,-65,65,-19370,19090,25.049999,26.999998,30,400
44571,-65,63,-19435,19153,25.020000,26.999998,30,400
44571,-67,64,-19502,19217,24.975001,26.999998,30,400
44571,-61,65,-19563,19282,24.975001,26.999998,30,400
44571,-67,65,-19630,19347,25.005000,26.999998,30,400
44571,-71,65,-19701,19412,24.915000,26.999998,30,400
44571,-64,60,-19765,19472,24.854999,26.999998,30,400
44571,-59,61,-19824,19533,24.854999,26.999998,30,400
44571,-60,61,-19884,19594,24.900001,26.999998,30,400
44571,-52,61,-19936,19655,25.035000,26.999998,30,400
44571,-55,60,-19991,19715,25.109997,26.999998,30,400
44571,-61,60,-20052,19775,25.109997,26.999998,30,400
44571,-70,66,-20122,19841,25.035000,26.999998,30,400
44571,-64,62,-20186,19903,25.005000,26.999998,30,400
44571,-67,58,-20253,19961,24.869999,26.999998,30,400
44571,-59,55,-20312,20016,24.869999,26.999998,30,400
44571,-65,71,-20377,20087,24.900001,26.999998,30,400
44571,-60,70,-20437,20157,25.049999,26.999998,30,400
44571,-61,64,-20498,20221,25.095001,26.999998,30,400
44571,-60,54,-20558,20275,25.095001,26.999998,30,400
44571,-71,62,-20629,20337,24.869999,26.999998,30,400
44571,-68,70,-20697,20407,24.900001,26.999998,30,400
44571,-59,55,-20756,20462,24.840002,26.999998,30,400
44571,-52,57,-20808,20519,24.840002,26.999998,30,400
44571,-60,69,-20868,20588,25.049999,26.999998,30,400
44571,-64,68,-20932,20656,25.109997,26.999998,30,400
44571,-70,66,-21002,20722,25.049999,26.999998,30,400
44571,-71,63,-21073,20785,24.930000,26.999998,30,400
44571,-65,67,-21138,20852,24.930000,26.999998,30,400
44571,-64,65,-21202,20917,24.975001,26.999998,30,400
44571,-60,64,-21262,20981,25.035000,26.999998,30,400
44571,-62,59,-21324,21040,24.990001,26.999998,30,400
44571,-66,60,-21390,21100,24.900001,26.999998,30,400
44571,-58,61,-21448,21161,24.944999,26.999998,30,400
44571,-50,54,-21498,21215,25.005000,26.999998,30,400
44571,-55,53,-21553,21268,24.975001,26.999998,30,400
44571,-57,57,-21610,21325,24.975001,26.999998,30,400
44571,-59,62,-21669,21387,25.020000,26.999998,30,400
44571,-63,65,-21732,21452,25.049999,26.999998,30,400
44571,-64,65,-21796,21517,25.065001,26.999998,30,400
44571,-67,64,-21863,21581,25.020000,26.999998,30,400
44571,-72,64,-21935,21645,24.900001,26.999998,30,400
44571,-68,68,-22003,21713,24.900001,26.999998,30,400
44571,-60,68,-22063,21781,25.020000,26.999998,30,400
44571,-67,67,-22130,21848,25.020000,26.999998,30,400
44571,-70,66,-22200,21914,24.959999,26.999998,30,400
44571,-63,66,-22263,21980,25.005000,26.999998,30,400
44571,-63,65,-22326,22045,25.035000,26.999998,30,400
44571,-73,67,-22399,22112,24.944999,26.999998,30,400
44571,-67,65,-22466,22177,24.915000,26.999998,30,400
44571,-60,59,-22526,22236,24.900001,26.999998,30,400
44571,-55,59,-22581,22295,24.959999,26.999998,30,400
44571,-56,60,-22637,22355,25.020000,26.999998,30,400
44571,-59,60,-22696,22415,25.035000,26.999998,30,400
44571,-60,60,-22756,22475,25.035000,26.999998,30,400
44571,-64,61,-22820,22536,24.990001,26.999998,30,400
44571,-68,66,-22888,22602,24.959999,26.999998,30,400
44571,-60,61,-22948,22663,24.975001,26.999998,30,400
44571,-55,60,-23003,22723,25.049999,26.999998,30,400
44571,-62,57,-23065,22780,24.975001,26.999998,30,400
44571,-63,67,-23128,22847,25.035000,26.999998,30,400
44571,-68,70,-23196,22917,25.065001,26.999998,30,400
44571,-66,64,-23262,22981,25.035000,26.999998,30,400
44571,-64,57,-23326,23038,24.930000,26.999998,30,400
44571,-66,64,-23392,23102,24.900001,26.999998,30,400
44571,-60,70,-23452,23172,25.049999,26.999998,30,400
44571,-61,54,-23513,23226,24.944999,26.999998,30,400
44571,-55,54,-23568,23280,24.930000,26.999998,30,400
44571,-59,67,-23627,23347,25.049999,26.999998,30,400
44571,-61,65,-23688,23412,25.049999,26.999998,30,400
44571,-64,62,-23752,23474,25.080001,26.999998,30,400
44571,-69,63,-23821,23537,24.990001,26.999998,30,400
44571,-71,66,-23892,23603,24.915000,26.999998,30,400
44571,-63,64,-23955,23667,24.930000,26.999998,30,400
44571,-57,59,-24012,23726,24.959999,26.999998,30,400
44571,-49,53,-24061,23779,25.020000,26.999998,30,400
44571,-50,46,-24111,23825,24.959999,26.999998,30,400
44571,-51,54,-24162,23879,25.005000,26.999998,30,400
44571,-54,54,-24216,23933,25.005000,26.999998,30,400
44571,-61,57,-24277,23990,24.944999,26.999998,30,400
44571,-63,61,-24340,24051,24.915000,26.999998,30,400
44571,-60,62,-24400,24113,24.944999,26.999998,30,400
44571,-60,66,-24460,24179,25.035000,26.999998,30,400
44571,-62,65,-24522,24244,25.080001,26.999998,30,400
44571,-66,65,-24588,24309,25.065001,26.999998,30,400
44571,-70,67,-24658,24376,25.020000,26.999998,30,400
44571,-71,66,-24729,24442,24.944999,26.999998,30,400
44571,-63,66,-24792,24508,24.990001,26.999998,30,400
44571,-63,64,-24855,24572,25.005000,26.999998,30,400
44571,-69,66,-24924,24638,24.959999,26.999998,30,400
44571,-61,65,-24985,24703,25.020000,26.999998,30,400
44571,-68,65,-25053,24768,24.975001,26.999998,30,400
44571,-66,66,-25119,24834,24.975001,26.999998,30,400
44571,-65,67,-25184,24901,25.005000,26.999998,30,400
44571,-65,62,-25249,24963,24.959999,26.999998,30,400
44571,-62,61,-25311,25024,24.944999,26.999998,30,400
44571,-56,59,-25367,25083,24.990001,26.999998,30,400
44571,-63,60,-25430,25143,24.944999,26.999998,30,400
44571,-56,61,-25486,25204,25.020000,26.999998,30,400
44571,-56,59,-25542,25263,25.065001,26.999998,30,400
44571,-63,63,-25605,25326,25.065001,26.999998,30,400
44571,-70,63,-25675,25389,24.959999,26.999998,30,400
44571,-61,64,-25736,25453,25.005000,26.999998,30,400
44571,-64,58,-25800,25511,24.915000,26.999998,30,400
44571,-61,59,-25861,25570,24.884998,26.999998,30,400
44571,-64,69,-25925,25639,24.959999,26.999998,30,400
44571,-56,64,-25981,25703,25.080001,26.999998,30,400
44571,-57,60,-26038,25763,25.125000,26.999998,30,400
44571,-59,54,-26097,25817,25.049999,26.999998,30,400
44571,-68,62,-26165,25879,24.959999,26.999998,30,400
44571,-65,68,-26230,25947,24.959999,26.999998,30,400
44571,-63,56,-26293,26003,24.900001,26.999998,30,400
44571,-53,54,-26346,26057,24.915000,26.999998,30,400
44571,-60,68,-26406,26125,25.035000,26.999998,30,400
44571,-64,66,-26470,26191,25.035000,26.999998,30,400
44571,-72,68,-26542,26259,25.005000,26.999998,30,400
44571,-70,63,-26612,26322,24.900001,26.999998,30,400
44571,-67,67,-26679,26389,24.900001,26.999998,30,400
44571,-62,64,-26741,26453,24.930000,26.999998,30,400
44571,-57,62,-26798,26515,25.005000,26.999998,30,400
44571,-60,60,-26858,26575,25.005000,26.999998,30,400
44571,-66,60,-26924,26635,24.915000,26.999998,30,400
44571,-63,63,-26987,26698,24.915000,26.999998,30,400
44571,-59,61,-27046,26759,24.944999,26.999998,30,400
44571,-59,60,-27105,26819,24.959999,26.999998,30,400
44571,-59,62,-27164,26881,25.005000,26.999998,30,400
44571,-61,62,-27225,26943,25.020000,26.999998,30,400
44571,-66,64,-27291,27007,24.990001,26.999998,30,400
44571,-65,63,-27356,27070,24.959999,26.999998,30,400
44571,-65,67,-27421,27137,24.990001,26.999998,30,400
44571,-66,63,-27487,27200,24.944999,26.999998,30,400
44571,-65,67,-27552,27267,24.975001,26.999998,30,400
44571,-58,63,-27610,27330,25.049999,26.999998,30,400
44571,-65,65,-27675,27395,25.049999,26.999998,30,400
44571,-61,64,-27736,27459,25.095001,26.999998,30,400
44571,-66,64,-27802,27523,25.065001,26.999998,30,400
44571,-71,66,-27873,27589,24.990001,26.999998,30,400
44571,-74,65,-27947,27654,24.854999,26.999998,30,400
44571,-67,66,-28014,27720,24.840002,26.999998,30,400
44571,-58,59,-28072,27779,24.854999,26.999998,30,400
44571,-56,60,-28128,27839,24.915000,26.999998,30,400
44571,-57,59,-28185,27898,24.944999,26.999998,30,400
44571,-51,57,-28236,27955,25.035000,26.999998,30,400
44571,-50,56,-28286,28011,25.125000,26.999998,30,400
44571,-62,62,-28348,28073,25.125000,26.999998,30,400
44571,-66,66,-28414,28139,25.125000,26.999998,30,400
44571,-66,60,-28480,28199,25.035000,26.999998,30,400
44571,-64,63,-28544,28262,25.020000,26.999998,30,400
44571,-64,55,-28608,28317,24.884998,26.999998,30,400
44571,-65,66,-28673,28383,24.900001,26.999998,30,400
44571,-65,72,-28738,28455,25.005000,26.999998,30,400
44571,-63,66,-28801,28521,25.049999,26.999998,30,400
44571,-63,60,-28864,28581,25.005000,26.999998,30,400
44571,-70,63,-28934,28644,24.900001,26.999998,30,400
44571,-64,68,-28998,28712,24.959999,26.999998,30,400
44571,-51,48,-29049,28760,24.959999,26.999998,30,400
44571,-44,47,-29093,28807,24.959999,26.999998,30,400
44571,-53,61,-29146,28868,25.080001,26.999998,30,400
44571,-64,70,-29210,28938,25.170001,26.999998,30,400
44571,-67,64,-29277,29002,25.125000,26.999998,30,400
44571,-68,63,-29345,29065,25.049999,26.999998,30,400
44571,-70,64,-29415,29129,24.959999,26.999998,30,400
44571,-62,60,-29477,29189,24.930000,26.999998,30,400
44571,-60,62,-29537,29251,24.959999,26.999998,30,400
44571,-55,60,-29592,29311,25.035000,26.999998,30,400
44571,-55,54,-29647,29365,25.020000,26.999998,30,400
44571,-63,58,-29710,29423,24.944999,26.999998,30,400
44571,-63,64,-29773,29487,24.959999,26.999998,30,400
44571,-61,64,-29834,29551,25.005000,26.999998,30,400
44571,-64,59,-29898,29610,24.930000,26.999998,30,400
44571,-64,64,-29962,29674,24.930000,26.999998,30,400
44571,-61,65,-30023,29739,24.990001,26.999998,30,400
44571,-61,63,-30084,29802,25.020000,26.999998,30,400
44571,-66,65,-30150,29867,25.005000,26.999998,30,400
44571,-66,62,-30216,29929,24.944999,26.999998,30,400
44571,-64,64,-30280,29993,24.944999,26.999998,30,400
44571,-57,66,-30337,30059,25.080001,26.999998,30,400
44571,-59,60,-30396,30119,25.095001,26.999998,30,400
44571,-63,60,-30459,30179,25.049999,26.999998,30,400
44571,-54,56,-30513,30235,25.080001,26.999998,30,400
44571,-59,58,-30572,30293,25.065001,26.999998,30,400
44571,-64,62,-30636,30355,25.035000,26.999998,30,400
44571,-67,64,-30703,30419,24.990001,26.999998,30,400
44571,-67,62,-30770,30481,24.915000,26.999998,30,400
44571,-63,58,-30833,30539,24.840002,26.999998,30,400
44571,-54,58,-30887,30597,24.900001,26.999998,30,400
44571,-51,58,-30938,30655,25.005000,26.999998,30,400
44571,-59,59,-30997,30714,25.005000,26.999998,30,400
44571,-57,60,-31054,30774,25.049999,26.999998,30,400
44571,-62,59,-31116,30833,25.005000,26.999998,30,400
44571,-64,66,-31180,30899,25.035000,26.999998,30,400
44571,-65,60,-31245,30959,24.959999,26.999998,30,400
44571,-53,57,-31298,31016,25.020000,26.999998,30,400
44571,-53,46,-31351,31062,24.915000,26.999998,30,400
44571,-53,52,-31404,31114,24.900001,26.999998,30,400
44571,-56,63,-31460,31177,25.005000,26.999998,30,400
44571,-55,59,-31515,31236,25.005000,26.999998,30,400
44571,-57,55,-31572,31291,25.035000,26.999998,30,400
44571,-52,46,-31624,31337,24.944999,26.999998,30,400
44571,-55,47,-31679,31384,24.825000,26.999998,30,400
44571,-55,62,-31734,31446,24.930000,26.999998,30,400
44571,-55,61,-31789,31507,25.020000,26.999998,30,400
44571,-53,48,-31842,31555,24.944999,26.999998,30,400
44571,-50,52,-31892,31607,24.975001,26.999998,30,400
44571,-57,66,-31949,31673,25.109997,26.999998,30,400
44571,-62,68,-32011,31741,25.200000,26.999998,30,400
44571,-69,65,-32080,31806,25.139999,26.999998,30,400
44571,-68,59,-32148,31865,25.005000,26.999998,30,400
44571,-68,64,-32216,31929,24.944999,26.999998,30,400
44571,-61,62,-32277,31991,24.959999,26.999998,30,400
44571,-57,61,-32334,32052,25.020000,26.999998,30,400
44571,-58,58,-32392,32110,25.020000,26.999998,30,400
44571,-62,59,-32454,32169,24.975001,26.999998,30,400
44571,-62,64,-32516,32233,25.005000,26.999998,30,400
44571,-61,62,-32577,32295,25.020000,26.999998,30,400
44571,-65,61,-32642,32356,24.959999,26.999998,30,400
44571,-61,63,-32703,32419,24.990001,26.999998,30,400
44571,-60,63,-32763,32482,25.035000,26.999998,30,400
44571,-66,65,-32829,32547,25.020000,26.999998,30,400
44571,-65,65,-32894,32612,25.020000,26.999998,30,400
44571,-67,66,-32961,32678,25.005000,26.999998,30,400
44571,-69,65,-33030,32743,24.944999,26.999998,30,400
44571,-63,66,-33093,32809,24.990001,26.999998,30,400
44571,-57,60,-33150,32869,25.035000,26.999998,30,400
44571,-66,64,-33216,32933,25.005000,26.999998,30,400
44571,-61,62,-33277,32995,25.020000,26.999998,30,400
44571,-65,66,-33342,33061,25.035000,26.999998,30,400
44571,-69,66,-33411,33127,24.990001,26.999998,30,400
44571,-72,66,-33483,33193,24.900001,26.999998,30,400
44571,-65,64,-33548,33257,24.884998,26.999998,30,400
44571,-55,57,-33603,33314,24.915000,26.999998,30,400
44571,-55,61,-33658,33375,25.005000,26.999998,30,400
44571,-59,58,-33717,33433,24.990001,26.999998,30,400
44571,-63,58,-33780,33491,24.915000,26.999998,30,400
44571,-54,59,-33834,33550,24.990001,26.999998,30,400
44571,-59,60,-33893,33610,25.005000,26.999998,30,400
44571,-64,67,-33957,33677,25.049999,26.999998,30,400
44571,-65,61,-34022,33738,24.990001,26.999998,30,400
44571,-64,61,-34086,33799,24.944999,26.999998,30,400
44571,-61,55,-34147,33854,24.854999,26.999998,30,400
44571,-59,63,-34206,33917,24.915000,26.999998,30,400
44571,-63,71,-34269,33988,24.915000,26.999998,30,400
44571,-63,67,-34332,34055,25.095001,26.999998,30,400
44571,-63,61,-34395,34116,25.065001,26.999998,30,400
44571,-69,63,-34464,34179,24.975001,26.999998,30,400
44571,-67,73,-34531,34252,25.065001,26.999998,30,400
44571,-65,55,-34596,34307,24.915000,26.999998,30,400
44571,-54,56,-34650,34363,24.944999,26.999998,30,400
44571,-57,68,-34707,34431,25.109997,26.999998,30,400
44571,-67,70,-34774,34501,25.154999,26.999998,30,400
44571,-69,66,-34843,34567,25.109997,26.999998,30,400
44571,-70,63,-34913,34630,25.005000,26.999998,30,400
44571,-71,68,-34984,34698,24.959999,26.999998,30,400
44571,-61,63,-35045,34761,24.990001,26.999998,30,400
44571,-62,61,-35107,34822,24.975001,26.999998,30,400
44571,-59,61,-35166,34883,25.005000,26.999998,30,400
44571,-62,59,-35228,34942,24.959999,26.999998,30,400
44571,-62,63,-35290,35005,24.975001,26.999998,30,400
44571,-56,61,-35346,35066,25.049999,26.999998,30,400
44571,-60,59,-35406,35125,25.035000,26.999998,30,400
44571,-65,62,-35471,35187,24.990001,26.999998,30,400
44571,-67,66,-35538,35253,24.975001,26.999998,30,400
44571,-64,68,-35602,35321,25.035000,26.999998,30,400
44571,-63,65,-35665,35386,25.065001,26.999998,30,400
44571,-67,66,-35732,35452,25.049999,26.999998,30,400
44571,-69,66,-35801,35518,25.005000,26.999998,30,400
44571,-66,67,-35867,35585,25.020000,26.999998,30,400
44571,-65,64,-35932,35649,25.005000,26.999998,30,400
44571,-69,66,-36001,35715,24.959999,26.999998,30,400
44571,-57,63,-36058,35778,25.049999,26.999998,30,400
44571,-61,63,-36119,35841,25.080001,26.999998,30,400
44571,-66,66,-36185,35907,25.080001,26.999998,30,400
44571,-69,64,-36254,35971,25.005000,26.999998,30,400
44571,-70,66,-36324,36037,24.944999,26.999998,30,400
44571,-60,56,-36384,36093,24.884998,26.999998,30,400
44571,-53,58,-36437,36151,24.959999,26.999998,30,400
44571,-54,59,-36491,36210,25.035000,26.999998,30,400
44571,-55,55,-36546,36265,25.035000,26.999998,30,400
44571,-57,62,-36603,36327,25.109997,26.999998,30,400
44571,-64,63,-36667,36390,25.095001,26.999998,30,400
44571,-67,65,-36734,36455,25.065001,26.999998,30,400
44571,-65,62,-36799,36517,25.020000,26.999998,30,400
44571,-64,61,-36863,36578,25.020000,26.999998,30,400
44571,-57,57,-36920,36635,24.975001,26.999998,30,400
44571,-59,67,-36979,36702,25.095001,26.999998,30,400
44571,-67,69,-37046,36771,25.125000,26.999998,30,400
44571,-65,65,-37111,36836,25.125000,26.999998,30,400
44571,-60,57,-37171,36893,25.080001,26.999998,30,400
44571,-66,62,-37237,36955,25.020000,26.999998,30,400
44571,-67,70,-37304,37025,25.065001,26.999998,30,400
44571,-65,55,-37369,37080,24.915000,26.999998,30,400
44571,-55,54,-37424,37134,24.900001,26.999998,30,400
44571,-58,66,-37482,37200,25.020000,26.999998,30,400
44571,-64,67,-37546,37267,25.065001,26.999998,30,400
44571,-67,66,-37613,37333,25.049999,26.999998,30,400
44571,-65,62,-37678,37395,25.005000,26.999998,30,400
44571,-68,66,-37746,37461,24.975001,26.999998,30,400
44571,-64,64,-37810,37525,24.975001,26.999998,30,400
44571,-60,64,-37870,37589,25.035000,26.999998,30,400
44571,-62,62,-37932,37651,25.035000,26.999998,30,400
44571,-64,61,-37996,37712,24.990001,26.999998,30,400
44571,-68,65,-38064,37777,24.944999,26.999998,30,400
44571,-63,63,-38127,37840,24.944999,26.999998,30,400
44571,-61,63,-38188,37903,24.975001,26.999998,30,400
44571,-59,62,-38247,37965,25.020000,26.999998,30,400
44571,-61,64,-38308,38029,25.065001,26.999998,30,400
44571,-66,64,-38374,38093,25.035000,26.999998,30,400
44571,-64,64,-38438,38157,25.035000,26.999998,30,400
44571,-67,66,-38505,38223,25.020000,26.999998,30,400
44571,-70,65,-38575,38288,24.930003,26.999998,30,400
44571,-62,65,-38637,38353,24.742501,26.999998,30,400
44571,-54,62,-38691,38415,24.659999,26.999998,30,400
44571,-58,66,-38749,38481,24.562501,26.999998,30,400
44571,-53,60,-38802,38541,24.468751,26.999998,30,400
44571,-52,64,-38854,38605,24.453752,26.885251,30,400
44571,-58,62,-38912,38667,24.296252,26.676003,30,400
44571,-58,62,-38970,38729,24.138750,26.466753,30,400
44571,-60,62,-39030,38791,23.943753,26.257499,30,400
44571,-60,59,-39090,38850,23.703751,26.058377,30,400
44571,-58,59,-39148,38909,23.501250,25.859249,30,400
44571,-58,60,-39206,38969,23.313749,25.656751,30,400
44571,-57,61,-39263,39030,23.159998,25.450876,30,400
44571,-56,62,-39319,39092,23.040002,25.241626,30,400
44571,-53,63,-39372,39155,23.040002,25.029001,30,400
44571,-54,66,-39426,39221,22.968750,24.806251,30,400
44571,-55,54,-39481,39275,22.747499,24.624002,30,400
44571,-59,52,-39540,39327,22.421249,24.448500,30,400
44571,-50,43,-39590,39370,22.421249,24.303378,30,400
44571,-52,49,-39642,39419,21.888749,24.138001,30,400
44571,-54,56,-39696,39475,21.716249,23.948999,30,400
44571,-58,58,-39754,39533,21.498750,23.753253,30,400
44571,-59,54,-39813,39587,21.202502,23.571001,30,400
44571,-48,50,-39861,39637,21.052501,23.402251,30,400
44571,-37,40,-39898,39677,20.958750,23.267252,30,400
44571,-37,48,-39935,39725,20.985000,23.105249,30,400
44571,-45,58,-39980,39783,21.033749,22.909501,30,400
44571,-48,46,-40028,39829,20.808751,22.754250,30,400
44571,-42,38,-40070,39867,20.583750,22.626001,30,400
44571,-44,40,-40114,39907,20.358751,22.491001,30,400
44571,-39,53,-40153,39960,20.475002,22.312123,30,400
44571,-37,59,-40190,40019,20.831249,22.113001,30,400
44571,-43,50,-40233,40069,20.827500,21.944251,30,400
44571,-48,51,-40281,40120,20.715001,21.772124,30,400
44571,-42,44,-40323,40164,20.602501,21.623625,30,400
44571,-44,49,-40367,40213,20.550000,21.458252,30,400
44571,-45,45,-40412,40258,20.381251,21.306377,30,400
44571,-42,43,-40454,40301,20.246251,21.161251,30,400
44571,-45,40,-40499,40341,19.965001,21.026249,30,400
44571,-42,37,-40541,40378,19.695001,20.901378,30,400
44571,-42,31,-40583,40409,19.290002,20.796751,30,400
44571,-42,32,-40625,40441,18.907500,20.688749,30,400
44571,-37,33,-40662,40474,18.678752,20.577376,30,400
44571,-35,35,-40697,40509,18.547502,20.459251,30,400
44571,-37,39,-40734,40548,18.453750,20.327627,30,400
44571,-42,39,-40776,40587,18.228750,20.196001,30,400
44571,-42,35,-40818,40622,17.913752,20.077877,30,400
44571,-38,36,-40856,40658,17.726250,19.956377,30,400
44571,-34,35,-40890,40693,17.621248,19.838251,30,400
44571,-34,40,-40924,40733,17.628750,19.703252,30,400
44571,-31,39,-40955,40772,17.692499,19.571625,30,400
44571,-29,38,-40984,40810,17.786251,19.443375,30,400
44571,-33,42,-41017,40852,17.865001,19.301626,30,400
44571,-37,39,-41054,40891,17.771252,19.170001,30,400
44571,-35,38,-41089,40929,17.707500,19.041752,30,400
44571,-34,38,-41123,40967,17.670001,18.913501,30,400
44571,-31,37,-41154,41004,17.688750,18.788625,30,400
44571,-30,35,-41184,41039,17.688750,18.670501,30,400
44571,-26,38,-41210,41077,17.861250,18.542251,30,400
44571,-36,37,-41246,41114,17.861250,18.417374,30,400
44571,-33,34,-41279,41148,17.647500,18.302627,30,400
44571,-34,34,-41313,41182,17.520001,18.187876,30,400
44571,-33,39,-41346,41221,17.531250,18.056250,30,400
44571,-30,32,-41376,41253,17.463751,17.948251,30,400
44571,-26,32,-41402,41285,17.501251,17.840249,30,400
44571,-22,32,-41424,41317,17.643750,17.732251,30,400
44571,-26,32,-41450,41349,17.681249,17.624249,30,400
44571,-29,28,-41479,41377,17.550000,17.529751,30,400
44571,-34,28,-41513,41405,17.287501,17.435249,30,400
44571,-29,26,-41542,41431,17.111248,17.347499,30,400
44571,-19,24,-41561,41455,17.152501,17.266500,30,400
44571,-16,19,-41577,41474,17.160001,17.202376,30,400
44571,-17,15,-41594,41489,17.051250,17.151751,30,400
44571,-22,19,-41616,41508,16.901250,17.087626,30,400
44571,-28,23,-41644,41531,16.683751,17.009999,30,400
44571,-27,22,-41671,41553,16.470001,16.935750,30,400
44571,-23,20,-41694,41573,16.316251,16.868251,30,400
44571,-21,16,-41715,41589,16.125000,16.814251,30,400
44571,-24,14,-41739,41603,15.810001,16.767000,30,400
44571,-28,18,-41767,41621,15.480000,16.706250,30,400
44571,-27,22,-41794,41643,15.266250,16.632001,30,400
44571,-27,26,-41821,41669,15.142499,16.544250,30,400
44571,-26,25,-41847,41694,15.022500,16.459875,30,400
44571,-23,20,-41870,41714,14.868751,16.392374,30,400
44571,-20,22,-41890,41736,14.838750,16.318125,30,400
44571,-20,23,-41910,41759,14.831250,16.240501,30,400
44571,-17,15,-41927,41774,14.722499,16.189876,30,400
44571,-20,17,-41947,41791,14.579999,16.132500,30,400
44571,-18,21,-41965,41812,14.579999,16.061625,30,400
44571,-18,24,-41983,41836,14.647501,15.980624,30,400
44571,-20,23,-42003,41859,14.640001,15.903001,30,400
44571,-26,24,-42029,41883,14.497500,15.822000,30,400
44571,-28,24,-42057,41907,14.302500,15.741000,30,400
44571,-17,26,-42074,41933,14.441251,15.653251,30,400
44571,-10,25,-42084,41958,14.741250,15.568876,30,400
44571,-8,21,-42092,41979,15.003752,15.498000,30,400
44571,-8,14,-42100,41993,15.108749,15.450750,30,400
44571,-8,8,-42108,42001,15.108749,15.450750,30,400
44571,-12,0,-42120,42001,14.763750,15.423750,30,400
44571,-12,0,-42132,42001,14.448750,15.423750,30,400
44571,-12,0,-42144,42001,14.448750,15.423750,30,400
44571,-10,0,-42154,42001,13.871250,15.423750,30,400
44571,-6,0,-42160,42001,13.713751,15.423750,30,400
44571,-4,0,-42164,42001,13.608751,15.423750,30,400
44571,-4,0,-42168,42001,13.608751,15.423750,30,400
44571,0,0,-42168,42001,13.503748,15.423750,30,400
44571,0,0,-42168,42001,13.503748,15.423750,30,400
44571,0,0,-42168,42001,13.503748,15.423750,30,400
44571,0,0,-42168,42001,13.503748,15.423750,30,400
44571,0,0,-42168,42001,13.503748,15.423750,30,400
44571,0,0,-42168,42001,13.503748,15.423750,30,400
44571,0,0,-42168,42001,13.503748,15.423750,30,400
44571,0,0,-42168,42001,13.503748,15.423750,30,400
44571,0,0,-42168,42001,13.503748,15.423750,30,400
44571,0,0,-42168,42001,13.503748,15.423750,30,400
44571,0,0,-42168,42001,13.503748,15.423750,30,400
44571,0,0,-42168,42001,13.503748,15.423750,30,400
44571,0,0,-42168,42001,13.503748,15.423750,30,400
44571,0,0,-42168,42001,13.503748,15.423750,30,400
44571,0,0,-42168,42001,13.503748,15.423750,30,400
44571,0,0,-42168,42001,13.503748,15.423750,30,400
44571,0,0,-42168,42001,13.503748,15.423750,30,400
44571,0,0,-42168,42001,13.503748,15.423750,30,400
44571,0,0,-42168,42001,13.503748,15.423750,30,400
44571,0,0,-42168,42001,13.503748,15.423750,30,400
44571,0,0,-42168,42001,13.503748,15.423750,30,400
44571,0,0,-42168,42001,13.503748,15.423750,30,400
44571,0,0,-42168,42001,13.503748,15.423750,30,400
44571,0,0,-42168,42001,13.503748,15.423750,30,400
44571,0,0,-42168,42001,13.503748,15.423750,30,400
44571,0,0,-42168,42001,13.503748,15.423750,30,400
44571,0,0,-42168,42001,13.503748,15.423750,30,400
44571,0,0,-42168,42001,13.503748,15.423750,30,400
44571,0,0,-42168,42001,13.503748,15.423750,30,400
44571,0,0,-42168,42001,13.503748,15.423750,30,400
44571,0,0,-42168,42001,13.503748,15.423750,30,400
44571,0,0,-42168,42001,13.503748,15.423750,30,400
44571,0,0,-42168,42001,13.503748,15.423750,30,400
44571,0,0,-42168,42001,13.503748,15.423750,30,400
44571,0,0,-42168,42001,13.503748,15.423750,30,400
44571,0,0,-42168,42001,13.503748,15.423750,30,400
