29714,0,0,0,0,0.000000,26.999998,30,400
29714,-22,12,-22,12,29.999998,26.999998,30,400
29714,-50,29,-72,41,29.999998,26.999998,30,400
29714,-69,49,-141,90,29.602500,26.999998,30,400
29714,-75,60,-216,150,29.265002,26.999998,30,400
29714,-74,58,-290,208,28.904999,26.999998,30,400
29714,-80,71,-370,279,28.702501,26.999998,30,400
29714,-85,79,-455,358,28.567499,26.999998,30,400
29714,-82,71,-537,429,28.320002,26.999998,30,400
29714,-77,67,-614,496,28.095000,26.999998,30,400
29714,-80,77,-694,573,28.027501,26.999998,30,400
29714,-73,69,-767,642,27.937501,26.999998,30,400
29714,-66,61,-833,703,27.825000,26.999998,30,400
29714,-68,74,-901,777,27.959999,26.999998,30,400
29714,-75,75,-976,852,27.959999,26.999998,30,400
29714,-76,73,-1052,925,27.892499,26.999998,30,400
29714,-70,68,-1122,993,27.892499,26.999998,30,400
29714,-75,66,-1197,1059,27.644999,26.999998,30,400
29714,-71,68,-1268,1127,27.577500,26.999998,30,400
29714,-76,70,-1344,1197,27.442498,26.999998,30,400
29714,-74,67,-1418,1264,27.442498,26.999998,30,400
29714,-74,70,-1492,1334,27.195001,26.999998,30,400
29714,-74,70,-1566,1404,27.105001,26.999998,30,400
29714,-70,67,-1636,1471,27.037499,26.999998,30,400
29714,-73,69,-1709,1540,27.037499,26.999998,30,400
29714,-75,74,-1784,1614,26.925001,26.999998,30,400
29714,-74,73,-1858,1687,26.902503,26.999998,30,400
29714,-76,72,-1934,1759,26.812500,26.999998,30,400
29714,-74,71,-2008,1830,26.812500,26.999998,30,400
29714,-74,72,-2082,1902,26.699999,26.999998,30,400
29714,-68,71,-2150,1973,26.767498,26.999998,30,400
29714,-74,71,-2224,2044,26.699999,26.999998,30,400
29714,-76,70,-2300,2114,26.699999,26.999998,30,400
29714,-70,72,-2370,2186,26.609999,26.999998,30,400
29714,-74,72,-2444,2258,26.565000,26.999998,30,400
29714,-74,70,-2518,2328,26.475000,26.999998,30,400
29714,-72,64,-2590,2392,26.475000,26.999998,30,400
29714,-71,66,-2661,2458,26.204999,26.999998,30,400
29714,-76,69,-2737,2527,26.099999,26.999998,30,400
29714,-74,66,-2811,2593,25.980000,26.999998,30,400
29714,-71,70,-2882,2663,25.980000,26.999998,30,400
29714,-72,71,-2954,2734,25.950001,26.999998,30,400
29714,-71,74,-3025,2808,25.995000,26.999998,30,400
29714,-68,66,-3093,2874,25.965001,26.999998,30,400
29714,-68,63,-3161,2937,25.965001,26.999998,30,400
29714,-72,65,-3233,3002,25.785000,26.999998,30,400
29714,-70,75,-3303,3077,25.860001,26.999998,30,400
29714,-75,73,-3378,3150,25.829999,26.999998,30,400
29714,-74,68,-3452,3218,25.829999,26.999998,30,400
29714,-74,66,-3526,3284,25.620002,26.999998,30,400
29714,-68,74,-3594,3358,25.710000,26.999998,30,400
29714,-68,62,-3662,3420,25.620002,26.999998,30,400
29714,-75,62,-3737,3482,25.620002,26.999998,30,400
29714,-74,73,-3811,3555,25.410000,26.999998,30,400
29714,-70,75,-3881,3630,25.484998,26.999998,30,400
29714,-73,71,-3954,3701,25.454999,26.999998,30,400
29714,-76,69,-4030,3770,25.350002,26.999998,30,400
29714,-76,70,-4106,3840,25.259999,26.999998,30,400
29714,-74,72,-4180,3912,25.230000,26.999998,30,400
29714,-74,71,-4254,3983,25.184998,26.999998,30,400
29714,-75,68,-4329,4051,25.080001,26.999998,30,400
29714,-73,72,-4402,4123,25.065001,26.999998,30,400
29714,-72,70,-4474,4193,25.035000,26.999998,30,400
29714,-72,68,-4546,4261,24.975001,26.999998,30,400
29714,-68,72,-4614,4333,25.035000,26.999998,30,400
29714,-70,71,-4684,4404,25.049999,26.999998,30,400
29714,-74,71,-4758,4475,25.005000,26.999998,30,400
29714,-76,73,-4834,4548,24.959999,26.999998,30,400
29714,-65,68,-4899,4616,25.005000,26.999998,30,400
29714,-69,68,-4968,4684,24.990001,26.999998,30,400
29714,-76,69,-5044,4753,24.884998,26.999998,30,400
29714,-70,71,-5114,4824,24.900001,26.999998,30,400
29714,-62,69,-5176,4893,25.005000,26.999998,30,400
29714,-68,69,-5244,4962,25.020000,26.999998,30,400
29714,-74,71,-5318,5033,24.975001,26.999998,30,400
29714,-68,69,-5386,5102,24.990001,26.999998,30,400
29714,-68,65,-5454,5167,24.944999,26.999998,30,400
29714,-69,65,-5523,5232,24.884998,26.999998,30,400
29714,-61,65,-5584,5297,24.944999,26.999998,30,400
29714,-58,65,-5642,5362,25.049999,26.999998,30,400
29714,-66,65,-5708,5427,25.035000,26.999998,30,400
29714,-70,68,-5778,5495,25.005000,26.999998,30,400
29714,-65,69,-5843,5564,25.065001,26.999998,30,400
29714,-68,62,-5911,5626,24.975001,26.999998,30,400
29714,-66,68,-5977,5694,25.005000,26.999998,30,400
29714,-63,60,-6040,5754,24.959999,26.999998,30,400
29714,-63,71,-6103,5825,25.080001,26.999998,30,400
29714,-66,71,-6169,5896,25.154999,26.999998,30,400
29714,-75,68,-6244,5964,25.049999,26.999998,30,400
29714,-73,63,-6317,6027,24.900001,26.999998,30,400
29714,-64,72,-6381,6099,25.020000,26.999998,30,400
29714,-66,69,-6447,6168,25.065001,26.999998,30,400
29714,-73,60,-6520,6228,24.869999,26.999998,30,400
29714,-69,68,-6589,6296,24.854999,26.999998,30,400
29714,-62,76,-6651,6372,25.065001,26.999998,30,400
29714,-68,72,-6719,6444,25.125000,26.999998,30,400
29714,-74,67,-6793,6511,25.020000,26.999998,30,400
29714,-75,69,-6868,6580,24.930000,26.999998,30,400
29714,-69,65,-6937,6645,24.869999,26.999998,30,400
29714,-66,71,-7003,6716,24.944999,26.999998,30,400
29714,-64,66,-7067,6782,24.975001,26.999998,30,400
29714,-60,63,-7127,6845,25.020000,26.999998,30,400
29714,-65,66,-7192,6911,25.020000,26.999998,30,400
29714,-71,65,-7263,6976,24.944999,26.999998,30,400
29714,-65,65,-7328,7041,24.944999,26.999998,30,400
29714,-64,71,-7392,7112,25.049999,26.999998,30,400
29714,-70,69,-7462,7181,25.049999,26.999998,30,400
29714,-73,71,-7535,7252,25.005000,26.999998,30,400
29714,-77,76,-7612,7328,24.990001,26.999998,30,400
29714,-70,69,-7682,7397,24.975001,26.999998,30,400
29714,-70,71,-7752,7468,24.975001,26.999998,30,400
29714,-72,69,-7824,7537,24.944999,26.999998,30,400
29714,-67,71,-7891,7608,25.005000,26.999998,30,400
29714,-67,68,-7958,7676,25.020000,26.999998,30,400
29714,-74,70,-8032,7746,25.020000,26.999998,30,400
29714,-67,70,-8099,7816,25.005000,26.999998,30,400
29714,-66,68,-8165,7884,25.035000,26.999998,30,400
29714,-72,63,-8237,7947,24.900001,26.999998,30,400
29714,-68,65,-8305,8012,24.900001,26.999998,30,400
29714,-61,66,-8366,8078,24.930000,26.999998,30,400
29714,-58,64,-8424,8142,25.020000,26.999998,30,400
29714,-62,64,-8486,8206,25.049999,26.999998,30,400
29714,-70,66,-8556,8272,25.049999,26.999998,30,400
29714,-70,72,-8626,8344,25.020000,26.999998,30,400
29714,-70,66,-8696,8410,24.959999,26.999998,30,400
29714,-69,67,-8765,8477,24.930000,26.999998,30,400
29714,-58,61,-8823,8538,24.930000,26.999998,30,400
29714,-61,74,-8884,8612,25.170001,26.999998,30,400
29714,-66,71,-8950,8683,25.244999,26.999998,30,400
29714,-76,69,-9026,8752,25.139999,26.999998,30,400
29714,-72,62,-9098,8814,25.139999,26.999998,30,400
29714,-70,72,-9168,8886,25.020000,26.999998,30,400
29714,-72,67,-9240,8953,24.944999,26.999998,30,400
29714,-68,59,-9308,9012,24.810001,26.999998,30,400
29714,-66,72,-9374,9084,24.810001,26.999998,30,400
29714,-56,73,-9430,9157,25.154999,26.999998,30,400
29714,-67,70,-9497,9227,25.200000,26.999998,30,400
29714,-75,67,-9572,9294,25.080001,26.999998,30,400
29714,-77,68,-9649,9362,24.944999,26.999998,30,400
29714,-73,69,-9722,9431,24.884998,26.999998,30,400
29714,-65,71,-9787,9502,24.975001,26.999998,30,400
29714,-67,68,-9854,9570,24.990001,26.999998,30,400
29714,-67,64,-9921,9634,24.944999,26.999998,30,400
29714,-65,69,-9986,9703,25.005000,26.999998,30,400
29714,-70,65,-10056,9768,24.930000,26.999998,30,400
29714,-67,68,-10123,9836,24.944999,26.999998,30,400
29714,-66,70,-10189,9906,25.005000,26.999998,30,400
29714,-70,72,-10259,9978,25.035000,26.999998,30,400
29714,-73,70,-10332,10048,24.990001,26.999998,30,400
29714,-72,70,-10404,10118,24.959999,26.999998,30,400
29714,-64,69,-10468,10187,25.035000,26.999998,30,400
29714,-70,69,-10538,10256,25.020000,26.999998,30,400
29714,-74,68,-10612,10324,24.930000,26.999998,30,400
29714,-65,70,-10677,10394,25.005000,26.999998,30,400
29714,-67,68,-10744,10462,25.020000,26.999998,30,400
29714,-70,70,-10814,10532,25.020000,26.999998,30,400
29714,-75,72,-10889,10604,24.975001,26.999998,30,400
29714,-69,71,-10958,10675,25.005000,26.999998,30,400
29714,-70,63,-11028,10738,24.900001,26.999998,30,400
29714,-68,67,-11096,10805,24.884998,26.999998,30,400
29714,-58,65,-11154,10870,24.990001,26.999998,30,400
29714,-64,64,-11218,10934,24.990001,26.999998,30,400
29714,-70,66,-11288,11000,24.930000,26.999998,30,400
29714,-62,70,-11350,11070,25.049999,26.999998,30,400
29714,-61,66,-11411,11136,25.125000,26.999998,30,400
29714,-67,64,-11478,11200,25.080001,26.999998,30,400
29714,-74,64,-11552,11264,24.930000,26.999998,30,400
29714,-62,65,-11614,11329,24.975001,26.999998,30,400
29714,-63,73,-11677,11402,25.125000,26.999998,30,400
29714,-65,68,-11742,11470,25.170001,26.999998,30,400
29714,-75,66,-11817,11536,25.035000,26.999998,30,400
29714,-71,63,-11888,11599,24.915000,26.999998,30,400
29714,-67,75,-11955,11674,25.035000,26.999998,30,400
29714,-70,64,-12025,11738,24.944999,26.999998,30,400
29714,-68,60,-12093,11798,24.825000,26.999998,30,400
29714,-65,76,-12158,11874,24.990001,26.999998,30,400
29714,-62,72,-12220,11946,25.139999,26.999998,30,400
29714,-77,70,-12297,12016,25.035000,26.999998,30,400
29714,-74,67,-12371,12083,24.930000,26.999998,30,400
29714,-71,65,-12442,12148,24.840002,26.999998,30,400
29714,-66,70,-12508,12218,24.900001,26.999998,30,400
29714,-62,69,-12570,12287,25.005000,26.999998,30,400
29714,-66,63,-12636,12350,24.959999,26.999998,30,400
29714,-64,66,-12700,12416,24.990001,26.999998,30,400
29714,-66,68,-12766,12484,25.020000,26.999998,30,400
29714,-71,67,-12837,12551,24.959999,26.999998,30,400
29714,-65,67,-12902,12618,24.990001,26.999998,30,400
29714,-69,70,-12971,12688,25.005000,26.999998,30,400
29714,-73,70,-13044,12758,25.005000,26.999998,30,400
29714,-70,72,-13114,12830,24.990001,26.999998,30,400
29714,-67,70,-13181,12900,25.035000,26.999998,30,400
29714,-67,68,-13248,12968,25.049999,26.999998,30,400
29714,-74,72,-13322,13040,25.049999,26.999998,30,400
29714,-74,68,-13396,13108,24.930000,26.999998,30,400
29714,-65,71,-13461,13179,25.020000,26.999998,30,400
29714,-70,71,-13531,13250,25.035000,26.999998,30,400
29714,-72,72,-13603,13322,25.035000,26.999998,30,400
29714,-73,69,-13676,13391,24.975001,26.999998,30,400
29714,-68,68,-13744,13459,24.975001,26.999998,30,400
29714,-67,63,-13811,13522,24.915000,26.999998,30,400
29714,-64,66,-13875,13588,24.915000,26.999998,30,400
29714,-59,64,-13934,13652,25.020000,26.999998,30,400
29714,-62,61,-13996,13713,25.005000,26.999998,30,400
29714,-69,65,-14065,13778,24.944999,26.999998,30,400
29714,-63,71,-14128,13849,24.944999,26.999998,30,400
29714,-61,65,-14189,13914,25.125000,26.999998,30,400
29714,-68,69,-14257,13983,25.139999,26.999998,30,400
29714,-71,61,-14328,14044,24.990001,26.999998,30,400
29714,-70,67,-14398,14111,24.990001,26.999998,30,400
29714,-70,76,-14468,14187,25.035000,26.999998,30,400
29714,-69,69,-14537,14256,25.035000,26.999998,30,400
29714,-74,66,-14611,14322,24.915000,26.999998,30,400
29714,-67,68,-14678,14390,24.915000,26.999998,30,400
29714,-59,74,-14737,14464,25.154999,26.999998,30,400
29714,-68,59,-14805,14523,25.020000,26.999998,30,400
29714,-71,61,-14876,14584,24.869999,26.999998,30,400
29714,-66,76,-14942,14660,24.869999,26.999998,30,400
29714,-63,70,-15005,14730,25.125000,26.999998,30,400
29714,-75,70,-15080,14800,25.049999,26.999998,30,400
29714,-72,68,-15152,14868,24.990001,26.999998,30,400
29714,-75,68,-15227,14936,24.990001,26.999998,30,400
29714,-69,68,-15296,15004,24.869999,26.999998,30,400
29714,-62,68,-15358,15072,24.959999,26.999998,30,400
29714,-62,64,-15420,15136,24.990001,26.999998,30,400
29714,-65,68,-15485,15204,25.035000,26.999998,30,400
29714,-69,67,-15554,15271,25.005000,26.999998,30,400
29714,-72,66,-15626,15337,24.915000,26.999998,30,400
29714,-65,69,-15691,15406,24.975001,26.999998,30,400
29714,-65,70,-15756,15476,25.049999,26.999998,30,400
29714,-70,72,-15826,15548,25.080001,26.999998,30,400
29714,-73,70,-15899,15618,25.035000,26.999998,30,400
29714,-72,68,-15971,15686,24.975001,26.999998,30,400
29714,-67,68,-16038,15754,24.990001,26.999998,30,400
29714,-72,70,-16110,15824,24.959999,26.999998,30,400
29714,-69,70,-16179,15894,24.975001,26.999998,30,400
29714,-57,66,-16236,15960,25.109997,26.999998,30,400
29714,-66,70,-16302,16030,25.170001,26.999998,30,400
29714,-73,70,-16375,16100,25.125000,26.999998,30,400
29714,-71,68,-16446,16168,25.080001,26.999998,30,400
29714,-74,68,-16520,16236,24.990001,26.999998,30,400
29714,-74,62,-16594,16298,24.810001,26.999998,30,400
29714,-70,69,-16664,16367,24.795001,26.999998,30,400
29714,-60,67,-16724,16434,24.900001,26.999998,30,400
29714,-61,66,-16785,16500,24.975001,26.999998,30,400
29714,-63,70,-16848,16570,25.080001,26.999998,30,400
29714,-59,64,-16907,16634,25.154999,26.999998,30,400
29714,-64,56,-16971,16690,25.035000,26.999998,30,400
29714,-67,65,-17038,16755,25.005000,26.999998,30,400
29714,-72,63,-17110,16818,24.869999,26.999998,30,400
29714,-64,67,-17174,16885,24.915000,26.999998,30,400
29714,-60,65,-17234,16950,24.990001,26.999998,30,400
29714,-67,67,-17301,17017,24.990001,26.999998,30,400
29714,-75,68,-17376,17085,24.884998,26.999998,30,400
29714,-64,65,-17440,17150,24.900001,26.999998,30,400
29714,-57,67,-17497,17217,25.049999,26.999998,30,400
29714,-65,64,-17562,17281,25.035000,26.999998,30,400
29714,-70,61,-17632,17342,24.900001,26.999998,30,400
29714,-68,70,-17700,17412,24.930000,26.999998,30,400
29714,-61,74,-17761,17486,25.125000,26.999998,30,400
29714,-69,65,-17830,17551,25.065001,26.999998,30,400
29714,-71,69,-17901,17620,25.035000,26.999998,30,400
29714,-73,59,-17974,17679,24.825000,26.999998,30,400
29714,-70,63,-18044,17742,24.720000,26.999998,30,400
29714,-63,71,-18107,17813,24.840002,26.999998,30,400
29714,-62,65,-18169,17878,24.884998,26.999998,30,400
29714,-59,58,-18228,17936,24.869999,26.999998,30,400
29714,-58,64,-18286,18000,24.959999,26.999998,30,400
29714,-57,63,-18343,18063,25.049999,26.999998,30,400
29714,-64,61,-18407,18124,25.005000,26.999998,30,400
29714,-70,69,-18477,18193,24.990001,26.999998,30,400
29714,-75,74,-18552,18267,24.975001,26.999998,30,400
29714,-71,73,-18623,18340,25.005000,26.999998,30,400
29714,-69,70,-18692,18410,25.020000,26.999998,30,400
29714,-69,65,-18761,18475,24.959999,26.999998,30,400
29714,-67,61,-18828,18536,24.959999,26.999998,30,400
29714,-64,72,-18892,18608,24.990001,26.999998,30,400
29714,-68,72,-18960,18680,25.049999,26.999998,30,400
29714,-68,68,-19028,18748,25.049999,26.999998,30,400
29714,-74,71,-19102,18819,25.049999,26.999998,30,400
29714,-71,70,-19173,18889,24.990001,26.999998,30,400
29714,-73,70,-19246,18959,24.944999,26.999998,30,400
29714,-68,67,-19314,19026,24.930000,26.999998,30,400
29714,-66,64,-19380,19090,24.930000,26.999998,30,400
29714,-60,64,-19440,19154,24.959999,26.999998,30,400
29714,-55,64,-19495,19218,25.095001,26.999998,30,400
29714,-64,65,-19559,19283,25.109997,26.999998,30,400
29714,-70,65,-19629,19348,25.109997,26.999998,30,400
29714,-67,70,-19696,19418,25.080001,26.999998,30,400
29714,-68,65,-19764,19483,25.035000,26.999998,30,400
29714,-70,68,-19834,19551,25.005000,26.999998,30,400
29714,-69,61,-19903,19612,25.005000,26.999998,30,400
29714,-66,71,-19969,19683,24.959999,26.999998,30,400
29714,-63,75,-20032,19758,25.139999,26.999998,30,400
29714,-70,69,-20102,19827,25.125000,26.999998,30,400
29714,-71,62,-20173,19889,25.125000,26.999998,30,400
29714,-69,69,-20242,19958,24.990001,26.999998,30,400
29714,-73,72,-20315,20030,24.975001,26.999998,30,400
29714,-67,60,-20382,20090,24.869999,26.999998,30,400
29714,-64,67,-20446,20157,24.869999,26.999998,30,400
29714,-58,74,-20504,20231,25.154999,26.999998,30,400
29714,-64,67,-20568,20298,25.200000,26.999998,30,400
29714,-74,68,-20642,20366,25.109997,26.999998,30,400
29714,-74,68,-20716,20434,25.109997,26.999998,30,400
29714,-74,67,-20790,20501,24.915000,26.999998,30,400
29714,-69,69,-20859,20570,24.915000,26.999998,30,400
29714,-66,68,-20925,20638,24.944999,26.999998,30,400
29714,-62,64,-20987,20702,24.944999,26.999998,30,400
29714,-61,69,-21048,20771,25.095001,26.999998,30,400
29714,-64,63,-21112,20834,25.080001,26.999998,30,400
29714,-70,65,-21182,20899,25.005000,26.999998,30,400
29714,-71,68,-21253,20967,24.959999,26.999998,30,400
29714,-67,69,-21320,21036,24.990001,26.999998,30,400
29714,-69,70,-21389,21106,25.005000,26.999998,30,400
29714,-73,70,-21462,21176,24.959999,26.999998,30,400
29714,-63,67,-21525,21243,25.020000,26.999998,30,400
29714,-66,67,-21591,21310,25.035000,26.999998,30,400
29714,-72,68,-21663,21378,24.975001,26.999998,30,400
29714,-67,69,-21730,21447,25.005000,26.999998,30,400
29714,-61,65,-21791,21512,25.065001,26.999998,30,400
29714,-73,68,-21864,21580,24.990001,26.999998,30,400
29714,-71,70,-21935,21650,24.975001,26.999998,30,400
29714,-65,70,-22000,21720,25.049999,26.999998,30,400
29714,-67,68,-22067,21788,25.065001,26.999998,30,400
29714,-72,61,-22139,21849,24.900001,26.999998,30,400
29714,-67,66,-22206,21915,24.884998,26.999998,30,400
29714,-60,67,-22266,21982,24.990001,26.999998,30,400
29714,-65,65,-22331,22047,24.990001,26.999998,30,400
29714,-70,66,-22401,22113,24.930000,26.999998,30,400
29714,-61,69,-22462,22182,25.049999,26.999998,30,400
29714,-62,64,-22524,22246,25.080001,26.999998,30,400
29714,-67,67,-22591,22313,25.080001,26.999998,30,400
29714,-71,59,-22662,22372,24.900001,26.999998,30,400
29714,-63,68,-22725,22440,24.975001,26.999998,30,400
29714,-62,73,-22787,22513,25.139999,26.999998,30,400
29714,-67,66,-22854,22579,25.125000,26.999998,30,400
29714,-72,63,-22926,22642,24.990001,26.999998,30,400
29714,-70,65,-22996,22707,24.915000,26.999998,30,400
29714,-66,73,-23062,22780,25.020000,26.999998,30,400
29714,-67,58,-23129,22838,24.884998,26.999998,30,400
29714,-66,59,-23195,22897,24.779999,26.999998,30,400
29714,-62,73,-23257,22970,24.944999,26.999998,30,400
29714,-57,71,-23314,23041,25.154999,26.999998,30,400
29714,-68,68,-23382,23109,25.154999,26.999998,30,400
29714,-69,63,-23451,23172,25.065001,26.999998,30,400
29714,-74,67,-23525,23239,24.959999,26.999998,30,400
29714,-68,67,-23593,23306,24.944999,26.999998,30,400
29714,-63,67,-23656,23373,25.005000,26.999998,30,400
29714,-66,61,-23722,23434,24.900001,26.999998,30,400
29714,-65,66,-23787,23500,24.671250,26.999998,30,400
29714,-60,67,-23847,23567,24.551250,26.999998,30,400
29714,-59,64,-23906,23631,24.404998,26.999998,30,400
29714,-58,63,-23964,23694,24.262501,26.999998,30,400
29714,-58,62,-24022,23756,24.105001,26.858250,30,400
29714,-62,64,-24084,23820,23.902500,26.642249,30,400
29714,-62,68,-24146,23888,23.760000,26.412752,30,400
29714,-62,66,-24208,23954,23.587504,26.190002,30,400
29714,-59,63,-24267,24017,23.426250,25.977375,30,400
29714,-56,65,-24323,24082,23.351249,25.758001,30,400
29714,-59,64,-24382,24146,23.205000,25.541998,30,400
29714,-64,66,-24446,24212,22.995000,25.319251,30,400
29714,-62,66,-24508,24278,22.995000,25.096501,30,400
29714,-58,66,-24566,24344,22.725001,24.873751,30,400
29714,-62,62,-24628,24406,22.492499,24.664500,30,400
29714,-58,57,-24686,24463,22.260002,24.472128,30,400
29714,-58,53,-24744,24516,22.260002,24.293249,30,400
29714,-57,50,-24801,24566,21.648751,24.124499,30,400
29714,-57,49,-24858,24615,21.314999,23.959128,30,400
29714,-54,53,-24912,24668,21.097501,23.780249,30,400
29714,-48,49,-24960,24717,21.097501,23.614876,30,400
29714,-38,47,-24998,24764,20.924999,23.456249,30,400
29714,-39,47,-25037,24811,20.898750,23.297627,30,400
29714,-44,47,-25081,24858,20.778751,23.138998,30,400
29714,-42,52,-25123,24910,20.778751,22.963501,30,400
29714,-45,54,-25168,24964,20.737500,22.781250,30,400
29714,-38,47,-25206,25011,20.767502,22.622626,30,400
29714,-35,47,-25241,25058,20.906251,22.463999,30,400
29714,-37,40,-25278,25098,20.906251,22.328999,30,400
29714,-36,37,-25314,25135,20.722499,22.204126,30,400
29714,-36,46,-25350,25181,20.812501,22.048877,30,400
29714,-46,59,-25396,25240,20.932503,21.849752,30,400
29714,-36,54,-25432,25294,20.932503,21.667500,30,400
29714,-35,51,-25467,25345,21.431249,21.495376,30,400
29714,-49,49,-25516,25394,21.247502,21.330001,30,400
29714,-46,37,-25562,25431,20.872500,21.205127,30,400
29714,-44,39,-25606,25470,20.872500,21.073501,30,400
29714,-52,50,-25658,25520,20.355000,20.904751,30,400
29714,-42,39,-25700,25559,20.130001,20.773124,30,400
29714,-36,21,-25736,25580,19.657502,20.702251,30,400
29714,-30,16,-25766,25596,19.657502,20.648253,30,400
29714,-26,20,-25792,25616,18.997500,20.580752,30,400
29714,-33,28,-25825,25644,18.761251,20.486250,30,400
29714,-42,41,-25867,25685,18.581249,20.347876,30,400
29714,-44,49,-25911,25734,18.581249,20.182499,30,400
29714,-43,45,-25954,25779,18.412500,20.030625,30,400
29714,-40,38,-25994,25817,18.412500,20.030625,30,400
29714,-38,39,-26032,25856,18.097500,19.770752,30,400
29714,-34,34,-26066,25890,17.970002,19.656000,30,400
29714,-37,30,-26103,25920,17.673750,19.554751,30,400
29714,-39,39,-26142,25959,17.527501,19.423126,30,400
29714,-32,34,-26174,25993,17.452499,19.308375,30,400
29714,-20,28,-26194,26021,17.557500,19.213876,30,400
29714,-24,30,-26218,26051,17.602499,19.112626,30,400
29714,-28,31,-26246,26082,17.565001,19.008001,30,400
29714,-28,32,-26274,26114,17.550000,18.900000,30,400
29714,-30,34,-26304,26148,17.527500,18.785249,30,400
29714,-28,27,-26332,26175,17.400001,18.694126,30,400
29714,-31,30,-26363,26205,17.261250,18.592877,30,400
29714,-29,35,-26392,26240,17.287500,18.474750,30,400
29714,-25,33,-26417,26273,17.373751,18.363374,30,400
29714,-28,36,-26445,26309,17.448750,18.241875,30,400
29714,-31,33,-26476,26342,17.377503,18.130499,30,400
29714,-27,32,-26503,26374,17.388750,18.022501,30,400
29714,-22,29,-26525,26403,17.463751,17.924624,30,400
29714,-22,26,-26547,26429,17.471251,17.836875,30,400
29714,-23,26,-26570,26455,17.452500,17.749125,30,400
29714,-24,24,-26594,26479,17.362500,17.668125,30,400
29714,-26,21,-26620,26500,17.152501,17.597251,30,400
29714,-28,24,-26648,26524,16.957501,17.516251,30,400
29714,-27,22,-26675,26546,16.743749,17.442002,30,400
29714,-27,25,-26702,26571,16.597500,17.357627,30,400
29714,-22,25,-26724,26596,16.582501,17.273250,30,400
29714,-22,23,-26746,26619,16.522499,17.195625,30,400
29714,-23,20,-26769,26639,16.368749,17.128125,30,400
29714,-27,21,-26796,26660,16.132500,17.057250,30,400
29714,-24,23,-26820,26683,16.019999,16.979624,30,400
29714,-25,25,-26845,26708,15.926249,16.895249,30,400
29714,-25,24,-26870,26732,15.810001,16.814251,30,400
29714,-24,18,-26894,26750,15.585000,16.753501,30,400
29714,-21,16,-26915,26766,15.393749,16.699499,30,400
29714,-21,22,-26936,26788,15.337500,16.625250,30,400
29714,-26,25,-26962,26813,15.217501,16.540875,30,400
29714,-26,24,-26988,26837,15.075000,16.459875,30,400
29714,-24,24,-27012,26861,14.985001,16.378876,30,400
29714,-20,25,-27032,26886,15.022500,16.294501,30,400
29714,-15,21,-27047,26907,15.101251,16.223624,30,400
29714,-13,20,-27060,26927,15.210001,16.156126,30,400
29714,-17,22,-27077,26949,15.258751,16.081876,30,400
29714,-23,22,-27100,26971,15.150000,16.007627,30,400
29714,-28,23,-27128,26994,14.932501,15.930000,30,400
29714,-24,21,-27152,27015,14.775001,15.859124,30,400
29714,-28,21,-27180,27036,14.512502,15.788250,30,400
29714,-26,23,-27206,27059,14.347498,15.710625,30,400
29714,-24,26,-27230,27085,14.347498,15.622875,30,400
29714,-23,23,-27253,27108,14.216250,15.545250,30,400
29714,-11,21,-27264,27129,14.400000,15.474375,30,400
29714,0,19,-27264,27148,14.827500,15.410251,30,400
29714,-3,20,-27267,27168,14.827500,15.342751,30,400
29714,-11,18,-27278,27186,15.315000,15.281999,30,400
29714,-13,22,-27291,27208,15.468750,15.207750,30,400
29714,-17,22,-27308,27230,15.517501,15.133500,30,400
29714,-19,15,-27327,27245,15.517501,15.082876,30,400
29714,-26,13,-27353,27258,14.966249,15.039000,30,400
29714,-29,18,-27382,27276,14.609999,14.978250,30,400
29714,-26,18,-27408,27294,14.332500,14.917500,30,400
29714,-20,20,-27428,27314,14.332500,14.850001,30,400
29714,-12,11,-27440,27325,14.190001,14.812876,30,400
29714,-5,5,-27445,27330,14.171251,14.796000,30,400
29714,-5,0,-27450,27330,14.040002,14.796000,30,400
29714,0,0,-27450,27330,14.040002,14.796000,30,400
29714,0,0,-27450,27330,14.040002,14.796000,30,400
29714,0,0,-27450,27330,14.040002,14.796000,30,400
29714,0,0,-27450,27330,14.040002,14.796000,30,400
29714,0,0,-27450,27330,14.040002,14.796000,30,400
29714,0,0,-27450,27330,14.040002,14.796000,30,400
29714,0,0,-27450,27330,14.040002,14.796000,30,400
29714,0,0,-27450,27330,14.040002,14.796000,30,400
29714,0,0,-27450,27330,14.040002,14.796000,30,400
29714,0,0,-27450,27330,14.040002,14.796000,30,400
29714,0,0,-27450,27330,14.040002,14.796000,30,400
29714,0,0,-27450,27330,14.040002,14.796000,30,400
29714,0,0,-27450,27330,14.040002,14.796000,30,400
29714,0,0,-27450,27330,14.040002,14.796000,30,400
29714,0,0,-27450,27330,14.040002,14.796000,30,400
29714,0,0,-27450,27330,14.040002,14.796000,30,400
29714,0,0,-27450,27330,14.040002,14.796000,30,400
29714,0,0,-27450,27330,14.040002,14.796000,30,400
29714,0,0,-27450,27330,14.040002,14.796000,30,400
29714,0,0,-27450,27330,14.040002,14.796000,30,400
29714,0,0,-27450,27330,14.040002,14.796000,30,400
29714,0,0,-27450,27330,14.040002,14.796000,30,400
29714,0,0,-27450,27330,14.040002,14.796000,30,400
29714,0,0,-27450,27330,14.040002,14.796000,30,400
29714,0,0,-27450,27330,14.040002,14.796000,30,400
29714,0,0,-27450,27330,14.040002,14.796000,30,400
29714,0,0,-27450,27330,14.040002,14.796000,30,400
29714,0,0,-27450,27330,14.040002,14.796000,30,400
29714,0,0,-27450,27330,14.040002,14.796000,30,400
29714,0,0,-27450,27330,14.040002,14.796000,30,400
29714,0,0,-27450,27330,14.040002,14.796000,30,400
29714,0,0,-27450,27330,14.040002,14.796000,30,400
29714,0,0,-27450,27330,14.040002,14.796000,30,400
29714,0,0,-27450,27330,14.040002,14.796000,30,400
